0,1475853416087105035,1475853416089060068
1,1475853416107181072,1475853416109769105
2,1475853416127139091,1475853416128545045
3,1475853416147130966,1475853416148353099
4,1475853416167126893,1475853416168329954
5,1475853416187181949,1475853416188491106
6,1475853416207149028,1475853416208378076
7,1475853416227134943,1475853416228367090
8,1475853416247134923,1475853416248351097
9,1475853416267132997,1475853416268275022
10,1475853416287441015,1475853416289000034
11,1475853416307169914,1475853416308294057
12,1475853416327143907,1475853416328352928
13,1475853416347127914,1475853416348303079
14,1475853416367129087,1475853416368294954
15,1475853416387121915,1475853416388293027
16,1475853416407124042,1475853416408310890
17,1475853416427125930,1475853416428313970
18,1475853416447123050,1475853416448297023
19,1475853416467123031,1475853416468329906
20,1475853416487128019,1475853416488365888
21,1475853416507126092,1475853416508310079
22,1475853416527124881,1475853416528314113
23,1475853416547125101,1475853416548307895
24,1475853416567123889,1475853416568293094
25,1475853416587129116,1475853416588318109
26,1475853416607124090,1475853416608299970
27,1475853416627129077,1475853416628317117
28,1475853416647119998,1475853416648298025
29,1475853416667123079,1475853416668282032
30,1475853416687122106,1475853416688329935
31,1475853416707130908,1475853416708331108
32,1475853416727123022,1475853416728333950
33,1475853416747127056,1475853416748297929
34,1475853416767126083,1475853416768311023
35,1475853416787128925,1475853416788311958
36,1475853416807123899,1475853416808305025
37,1475853416827126979,1475853416828311920
38,1475853416847121953,1475853416848299980
39,1475853416867127895,1475853416868299007
40,1475853416887123107,1475853416888328075
41,1475853416907126903,1475853416908210039
42,1475853416927123069,1475853416928297996
43,1475853416947124958,1475853416948302984
44,1475853416967124938,1475853416968301057
45,1475853416987126111,1475853416988326072
46,1475853417007128000,1475853417008322954
47,1475853417027127027,1475853417028318881
48,1475853417047125101,1475853417048319101
49,1475853417067127943,1475853417068310976
50,1475853417087124109,1475853417088318109
51,1475853417107127904,1475853417108314990
52,1475853417127124071,1475853417128312110
53,1475853417147130966,1475853417148332118
54,1475853417167125940,1475853417168179035
55,1475853417187134027,1475853417188332080
56,1475853417207122087,1475853417208306074
57,1475853417227123022,1475853417228301048
58,1475853417247129917,1475853417248342037
59,1475853417267131090,1475853417268346071
60,1475853417287126064,1475853417288307905
61,1475853417307127952,1475853417308306932
62,1475853417327121973,1475853417328314065
63,1475853417347122907,1475853417348301887
64,1475853417367125034,1475853417368299007
65,1475853417387125015,1475853417388298034
66,1475853417407124042,1475853417408296108
67,1475853417427124023,1475853417428167104
68,1475853417447124004,1475853417448299884
69,1475853417467123031,1475853417468297958
70,1475853417487123012,1475853417488318920
71,1475853417507122993,1475853417508311033
72,1475853417527122974,1475853417528239965
73,1475853417547127962,1475853417548319101
74,1475853417567125082,1475853417568280935
75,1475853417587125062,1475853417588320970
76,1475853417607125997,1475853417608230113
77,1475853417627129077,1475853417628288984
78,1475853417647123098,1475853417648308038
79,1475853417667123079,1475853417668297052
80,1475853417687123060,1475853417688308954
81,1475853417707133054,1475853417708185911
82,1475853417727124929,1475853417728332996
83,1475853417747126102,1475853417748301982
84,1475853417767241954,1475853417768937110
85,1475853417787354946,1475853417788988113
86,1475853417807342052,1475853417808954954
87,1475853417827348947,1475853417828977108
88,1475853417847342014,1475853417848980903
89,1475853417867346048,1475853417868937015
90,1475853417887347936,1475853417889066934
91,1475853417907349109,1475853417908996105
92,1475853417927347898,1475853417928971052
93,1475853417947348117,1475853417948968887
94,1475853417967345952,1475853417968970060
95,1475853417987355947,1475853417988995075
96,1475853418007354974,1475853418009032964
97,1475853418027359008,1475853418029005050
98,1475853418047347068,1475853418048984050
99,1475853418067349910,1475853418068959951
100,1475853418087337017,1475853418088982105
101,1475853418107352018,1475853418108979940
102,1475853418127342939,1475853418128967046
103,1475853418147350072,1475853418148967027
104,1475853418167344093,1475853418168971061
105,1475853418187345981,1475853418188970088
106,1475853418207341909,1475853418208973884
107,1475853418227344036,1475853418228972911
108,1475853418247355937,1475853418248986959
109,1475853418267354965,1475853418269011974
110,1475853418287343025,1475853418288984060
111,1475853418307343006,1475853418308980941
112,1475853418327339887,1475853418328985929
113,1475853418347347974,1475853418348951101
114,1475853418367346048,1475853418368958950
115,1475853418387347936,1475853418388993978
116,1475853418407342910,1475853418408967971
117,1475853418427346944,1475853418428972005
118,1475853418447341918,1475853418448961019
119,1475853418467341899,1475853418468967914
120,1475853418487340927,1475853418488997936
121,1475853418507340908,1475853418509007930
122,1475853418527347087,1475853418528976917
123,1475853418547349929,1475853418548958063
124,1475853418567344903,1475853418568967103
125,1475853418587347984,1475853418588984966
126,1475853418607346057,1475853418608964920
127,1475853418627348899,1475853418628976106
128,1475853418647336959,1475853418648937940
129,1475853418667351007,1475853418668976068
130,1475853418687340974,1475853418688973903
131,1475853418707351922,1475853418708961009
132,1475853418727343082,1475853418728998899
133,1475853418747350931,1475853418748975038
134,1475853418767349004,1475853418769023895
135,1475853418787353992,1475853418788991928
136,1475853418807343959,1475853418808979988
137,1475853418827352046,1475853418828963994
138,1475853418847342967,1475853418848983049
139,1475853418867350101,1475853418868978977
140,1475853418887342929,1475853418889000892
141,1475853418907349109,1475853418908977985
142,1475853418927344083,1475853418928971052
143,1475853418947349071,1475853418948980093
144,1475853418967344999,1475853418968965053
145,1475853418987349033,1475853418988995075
146,1475853419007349967,1475853419009016990
147,1475853419027354955,1475853419029002904
148,1475853419047343969,1475853419048964977
149,1475853419067349910,1475853419068984985
150,1475853419087337017,1475853419088978052
151,1475853419107347011,1475853419108992099
152,1475853419127343893,1475853419128972053
153,1475853419147351980,1475853419148969888
154,1475853419167344093,1475853419168971061
155,1475853419187345981,1475853419188970088
156,1475853419207343101,1475853419208986997
157,1475853419227350950,1475853419228977918
158,1475853419247349023,1475853419249015092
159,1475853419267355918,1475853419269009113
160,1475853419287344932,1475853419289002895
161,1475853419307348012,1475853419309014081
162,1475853419327344894,1475853419328989982
163,1475853419347347974,1475853419348998069
164,1475853419367347955,1475853419368994951
165,1475853419387350082,1475853419388995885
166,1475853419407346010,1475853419408967018
167,1475853419427347898,1475853419428999900
168,1475853419447339057,1475853419448899984
169,1475853419467396020,1475853419469082117
170,1475853419487340927,1475853419488940000
171,1475853419507345914,1475853419508953094
172,1475853419527344942,1475853419528924942
173,1475853419547389984,1475853419548962116
174,1475853419567342996,1475853419568958044
175,1475853419587347030,1475853419588939905
176,1475853419607342958,1475853419608908891
177,1475853419627348899,1475853419628952980
178,1475853419647339105,1475853419648906946
179,1475853419667346954,1475853419668909072
180,1475853419687345981,1475853419688925981
181,1475853419707353115,1475853419708914041
182,1475853419727344036,1475853419728935956
183,1475853419747351884,1475853419748924016
184,1475853419767349958,1475853419768959999
185,1475853419787352085,1475853419788959980
186,1475853419807348012,1475853419808927059
187,1475853419827353000,1475853419828952074
188,1475853419847346067,1475853419848910093
189,1475853419867357969,1475853419868967056
190,1475853419887346982,1475853419888946056
191,1475853419907351970,1475853419908911943
192,1475853419927345037,1475853419928903102
193,1475853419947349071,1475853419948910951
194,1475853419967344999,1475853419968945980
195,1475853419987337112,1475853419988918066
196,1475853420007348060,1475853420008924007
197,1475853420027354955,1475853420028925895
198,1475853420047339916,1475853420048916101
199,1475853420067351102,1475853420068914890
200,1475853420087343931,1475853420088944911
201,1475853420107346057,1475853420108989000
202,1475853420127341985,1475853420128964900
203,1475853420147349119,1475853420148967981
204,1475853420167344093,1475853420168687105
205,1475853420187359094,1475853420188978910
206,1475853420207340955,1475853420208945989
207,1475853420227350950,1475853420228949069
208,1475853420247349023,1475853420249015092
209,1475853420267349004,1475853420268997907
210,1475853420287348985,1475853420288718938
211,1475853420307362079,1475853420308995008
212,1475853420327342987,1475853420328969001
213,1475853420347347021,1475853420348962068
214,1475853420367347002,1475853420369004011
215,1475853420387352943,1475853420388976097
216,1475853420407342910,1475853420408955097
217,1475853420427350997,1475853420429027080
218,1475853420447341918,1475853420448935985
219,1475853420467350959,1475853420468940019
220,1475853420487344980,1475853420488971948
221,1475853420507344007,1475853420509000062
222,1475853420527344942,1475853420528950929
223,1475853420547348022,1475853420548943042
224,1475853420567348003,1475853420568953990
225,1475853420587346076,1475853420588957071
226,1475853420607347011,1475853420608962059
227,1475853420627352952,1475853420628954887
228,1475853420647341012,1475853420648979902
229,1475853420667354106,1475853420668942928
230,1475853420687377929,1475853420689122915
231,1475853420707374095,1475853420709014892
232,1475853420727346897,1475853420728971958
233,1475853420747351884,1475853420748948097
234,1475853420767353057,1475853420769027948
235,1475853420787353038,1475853420788979053
236,1475853420807342052,1475853420808937072
237,1475853420827351093,1475853420828994989
238,1475853420847342967,1475853420848946094
239,1475853420867348909,1475853420869009017
240,1475853420887340068,1475853420888964891
241,1475853420907350063,1475853420908946037
242,1475853420927345991,1475853420928945064
243,1475853420947352886,1475853420948947906
244,1475853420967345952,1475853420968950033
245,1475853420987338066,1475853420989015102
246,1475853421007344007,1475853421008963108
247,1475853421027350902,1475853421028772115
248,1475853421047352075,1475853421049010992
249,1475853421067348003,1475853421068962097
250,1475853421087344884,1475853421088968992
251,1475853421107353925,1475853421108968019
252,1475853421127342939,1475853421128953933
253,1475853421147350072,1475853421149599075
254,1475853421167342901,1475853421169331073
255,1475853421187354087,1475853421189531087
256,1475853421207345008,1475853421209418058
257,1475853421227348089,1475853421229042053
258,1475853421247349023,1475853421249002933
259,1475853421267354011,1475853421269061088
260,1475853421287345886,1475853421288995981
261,1475853421307353973,1475853421308989048
262,1475853421327342987,1475853421328999996
263,1475853421347348928,1475853421348977088
264,1475853421367347002,1475853421368957996
265,1475853421387342929,1475853421388982057
266,1475853421407346963,1475853421408974885
267,1475853421427352905,1475853421428966045
268,1475853421447341918,1475853421448973894
269,1475853421467350959,1475853421469034910
270,1475853421487345933,1475853421488961935
271,1475853421507345914,1475853421508991003
272,1475853421527344942,1475853421528947114
273,1475853421547346115,1475853421548948049
274,1475853421567965030,1475853421570158004
275,1475853421587877988,1475853421592233896
276,1475853421607619047,1475853421609774112
277,1475853421627548933,1475853421629261016
278,1475853421647365093,1475853421648833990
279,1475853421667336940,1475853421668857097
280,1475853421687340974,1475853421688815116
281,1475853421707334041,1475853421708811998
282,1475853421727334976,1475853421728823900
283,1475853421747335910,1475853421748754024
284,1475853421767327070,1475853421768758058
285,1475853421787331104,1475853421788744926
286,1475853421807327985,1475853421808692932
287,1475853421827332973,1475853421828732013
288,1475853421847321987,1475853421848742008
289,1475853421867328882,1475853421868736982
290,1475853421887319087,1475853421888720035
291,1475853421907327890,1475853421908754110
292,1475853421927323102,1475853421928723096
293,1475853421947329044,1475853421948735952
294,1475853421967324972,1475853421968688011
295,1475853421987323045,1475853421988763093
296,1475853422007323026,1475853422008723974
297,1475853422027333021,1475853422028748035
298,1475853422047321081,1475853422048692941
299,1475853422067332029,1475853422068764925
300,1475853422087318897,1475853422088711023
301,1475853422107569932,1475853422108985900
302,1475853422127325057,1475853422128739118
303,1475853422147322893,1475853422148740053
304,1475853422167325019,1475853422168716907
305,1475853422187323093,1475853422188740015
306,1475853422207321882,1475853422208704948
307,1475853422227330923,1475853422228744983
308,1475853422247379064,1475853422248931884
309,1475853422267352104,1475853422268801927
310,1475853422287328958,1475853422288712024
311,1475853422307332992,1475853422308754920
312,1475853422327326059,1475853422328701972
313,1475853422347327947,1475853422348762989
314,1475853422367321968,1475853422368730068
315,1475853422387321949,1475853422388767004
316,1475853422407321929,1475853422408696889
317,1475853422427330017,1475853422428766012
318,1475853422447321891,1475853422448689937
319,1475853422467331886,1475853422468770027
320,1475853422487323999,1475853422488794088
321,1475853422507323980,1475853422508745908
322,1475853422527323007,1475853422528698921
323,1475853422547328948,1475853422548752069
324,1475853422567320108,1475853422568734884
325,1475853422587317943,1475853422588725090
326,1475853422607325077,1475853422608716011
327,1475853422627334117,1475853422628753900
328,1475853422647322893,1475853422648699045
329,1475853422667325019,1475853422668734073
330,1475853422687325000,1475853422688719987
331,1475853422707330942,1475853422708806991
332,1475853422727324962,1475853422728701114
333,1475853422747330904,1475853422748743057
334,1475853422767328023,1475853422768753051
335,1475853422787328004,1475853422788743972
336,1475853422807326078,1475853422808743953
337,1475853422827332973,1475853422828735113
338,1475853422847321033,1475853422848710060
339,1475853422867331027,1475853422868757963
340,1475853422887320041,1475853422888714075
341,1475853422907330036,1475853422908741950
342,1475853422927320957,1475853422928756952
343,1475853422947325944,1475853422948728084
344,1475853422967319965,1475853422968677997
345,1475853422987319946,1475853422988760948
346,1475853423007327079,1475853423008740901
347,1475853423027333021,1475853423028759956
348,1475853423047324895,1475853423048722028
349,1475853423067329883,1475853423068744897
350,1475853423087320089,1475853423088705062
351,1475853423107330083,1475853423108747005
352,1475853423127324104,1475853423128703117
353,1475853423147330045,1475853423148737907
354,1475853423167321920,1475853423168694972
355,1475853423187320947,1475853423188755035
356,1475853423207324981,1475853423208745956
357,1475853423227329969,1475853423228724002
358,1475853423247323989,1475853423248717069
359,1475853423267333030,1475853423268795013
360,1475853423287323951,1475853423288708925
361,1475853423307331085,1475853423308758020
362,1475853423327322959,1475853423328737020
363,1475853423347328901,1475853423348766088
364,1475853423367321968,1475853423368732929
365,1475853423387324094,1475853423388736963
366,1475853423407322883,1475853423408685922
367,1475853423427319049,1475853423428705930
368,1475853423447318077,1475853423448697090
369,1475853423467330932,1475853423468724966
370,1475853423487318992,1475853423488720893
371,1475853423507322072,1475853423508788108
372,1475853423527327060,1475853423528708934
373,1475853423547329902,1475853423548736095
374,1475853423567323923,1475853423568743944
375,1475853423587327957,1475853423588783025
376,1475853423607327938,1475853423608748912
377,1475853423627331972,1475853423628736019
378,1475853423647320985,1475853423648693084
379,1475853423667320013,1475853423668725967
380,1475853423687323093,1475853423688716888
381,1475853423707333087,1475853423708816051
382,1475853423727325916,1475853423728696107
383,1475853423747328042,1475853423748734951
384,1475853423767332077,1475853423768747091
385,1475853423787327051,1475853423788734912
386,1475853423807326078,1475853423808701038
387,1475853423827332973,1475853423828742027
388,1475853423847322940,1475853423848710060
389,1475853423867330074,1475853423868712902
390,1475853423887320041,1475853423888714075
391,1475853423907335042,1475853423908744096
392,1475853423927324056,1475853423928719043
393,1475853423947329998,1475853423948724031
394,1475853423967322111,1475853423968689918
395,1475853423987320899,1475853423988740921
396,1475853424007324934,1475853424008729934
397,1475853424027329921,1475853424028728961
398,1475853424047323942,1475853424048707008
399,1475853424067327976,1475853424068728923
400,1475853424087321043,1475853424088718891
401,1475853424107330083,1475853424108737945
402,1475853424127324104,1475853424128715991
403,1475853424147329092,1475853424148755073
404,1475853424167329072,1475853424168718099
405,1475853424187321901,1475853424188714027
406,1475853424207324981,1475853424208699941
407,1475853424227329969,1475853424228707075
408,1475853424247323036,1475853424248728990
409,1475853424267334938,1475853424268767118
410,1475853424287326097,1475853424288759946
411,1475853424307329893,1475853424308721065
412,1475853424327322959,1475853424328701019
413,1475853424347327947,1475853424348740100
414,1475853424367322921,1475853424368732929
415,1475853424387324094,1475853424388710021
416,1475853424407325983,1475853424408742904
417,1475853424427330970,1475853424428726911
418,1475853424447319030,1475853424448688983
419,1475853424467329025,1475853424468717098
420,1475853424487322092,1475853424488722085
421,1475853424507318973,1475853424508719921
422,1475853424527323961,1475853424528704881
423,1475853424547332048,1475853424548731088
424,1475853424567321062,1475853424568752050
425,1475853424587318897,1475853424588710069
426,1475853424607326030,1475853424608722925
427,1475853424627335071,1475853424628710031
428,1475853424647322893,1475853424648699998
429,1475853424667330980,1475853424668715000
430,1475853424687321901,1475853424688749074
431,1475853424707324028,1475853424708739042
432,1475853424727320909,1475853424728704929
433,1475853424747327089,1475853424748704910
434,1475853424767326116,1475853424768739938
435,1475853424787326097,1475853424788701057
436,1475853424807324886,1475853424808702945
437,1475853424827331066,1475853424828704118
438,1475853424847320079,1475853424848711013
439,1475853424867327928,1475853424868717908
440,1475853424887320041,1475853424888715982
441,1475853424907329082,1475853424908714056
442,1475853424927320957,1475853424928677082
443,1475853424947330951,1475853424948718070
444,1475853424967324018,1475853424968688964
445,1475853424987323045,1475853424988775968
446,1475853425007327079,1475853425008768081
447,1475853425027331113,1475853425028768062
448,1475853425047317981,1475853425048711061
449,1475853425067329883,1475853425068702936
450,1475853425087317943,1475853425088743925
451,1475853425107335090,1475853425108722925
452,1475853425127322912,1475853425128701925
453,1475853425147330999,1475853425148749113
454,1475853425167326927,1475853425168692111
455,1475853425187321901,1475853425188695907
456,1475853425207323074,1475853425208702087
457,1475853425227327108,1475853425228686094
458,1475853425247327089,1475853425248738050
459,1475853425267333984,1475853425268732070
460,1475853425287326097,1475853425288723945
461,1475853425307337045,1475853425308770895
462,1475853425327326059,1475853425328711032
463,1475853425347332000,1475853425348715066
464,1475853425367324113,1475853425368746042
465,1475853425387324094,1475853425388727903
466,1475853425407324075,1475853425408694028
467,1475853425427331924,1475853425428695917
468,1475853425447325944,1475853425448736906
469,1475853425467336893,1475853425468725919
470,1475853425487322092,1475853425488711118
471,1475853425507327079,1475853425508723974
472,1475853425527323007,1475853425528700113
473,1475853425547331094,1475853425548707008
474,1475853425567322015,1475853425568742990
475,1475853425587322950,1475853425588715076
476,1475853425607326030,1475853425608716964
477,1475853425627337932,1475853425628711938
478,1475853425647321939,1475853425648703098
479,1475853425667334079,1475853425668716907
480,1475853425687324047,1475853425688730001
481,1475853425707334995,1475853425708790063
482,1475853425727327108,1475853425728697061
483,1475853425747330904,1475853425748701095
484,1475853425767328977,1475853425768747091
485,1475853425787328004,1475853425788713932
486,1475853425807327985,1475853425808682918
487,1475853425827332019,1475853425828706979
488,1475853425847323894,1475853425848718881
489,1475853425867336988,1475853425868730068
490,1475853425887324094,1475853425888756036
491,1475853425907334089,1475853425908720970
492,1475853425927320957,1475853425928685903
493,1475853425947325944,1475853425948704004
494,1475853425967324018,1475853425968691110
495,1475853425987322092,1475853425988738059
496,1475853426007324934,1475853426008800029
497,1475853426027329921,1475853426028769016
498,1475853426047319889,1475853426048715114
499,1475853426067331075,1475853426068711996
500,1475853426087321043,1475853426088718891
501,1475853426107332944,1475853426108753919
502,1475853426127326011,1475853426128691911
503,1475853426147327899,1475853426148756027
504,1475853426167324066,1475853426168730974
505,1475853426187324047,1475853426188699960
506,1475853426207325935,1475853426208708047
507,1475853426227329969,1475853426228693008
508,1475853426247329950,1475853426250462055
509,1475853426267335891,1475853426268898010
510,1475853426287324905,1475853426288738012
511,1475853426307334899,1475853426308713912
512,1475853426327327013,1475853426328706979
513,1475853426347327947,1475853426348721981
514,1475853426367321968,1475853426368731021
515,1475853426387321949,1475853426388741970
516,1475853426407325029,1475853426408695936
517,1475853426427329063,1475853426428694963
518,1475853426447319984,1475853426448705911
519,1475853426467334032,1475853426468705892
520,1475853426487322092,1475853426488719940
521,1475853426507324934,1475853426508754014
522,1475853426527328968,1475853426528805017
523,1475853426547327995,1475853426548727035
524,1475853426567325115,1475853426568746089
525,1475853426587323904,1475853426588707923
526,1475853426607322931,1475853426608711004
527,1475853426627334117,1475853426628690958
528,1475853426647324085,1475853426648724079
529,1475853426667330026,1475853426668734073
530,1475853426687320947,1475853426688704013
531,1475853426707334041,1475853426708745002
532,1475853426727320909,1475853426728732109
533,1475853426747358083,1475853426748878002
534,1475853426767352104,1475853426768796920
535,1475853426787333011,1475853426788733959
536,1475853426807327032,1475853426808711051
537,1475853426827332019,1475853426828712940
538,1475853426847321987,1475853426848686933
539,1475853426867330074,1475853426868719100
540,1475853426887325048,1475853426888732910
541,1475853426907332897,1475853426908724069
542,1475853426927320957,1475853426928674936
543,1475853426947329998,1475853426948698043
544,1475853426967322111,1475853426968693017
545,1475853426987323045,1475853426988740921
546,1475853427007320880,1475853427008748054
547,1475853427027334928,1475853427028790950
548,1475853427047322988,1475853427048748016
549,1475853427067332029,1475853427068768978
550,1475853427087322950,1475853427088696002
551,1475853427107335090,1475853427108721971
552,1475853427127322912,1475853427128720045
553,1475853427147327899,1475853427148763895
554,1475853427167325973,1475853427168684959
555,1475853427187321901,1475853427188704967
556,1475853427207329034,1475853427208690881
557,1475853427227329015,1475853427228698015
558,1475853427247327089,1475853427248744010
559,1475853427267329931,1475853427268737077
560,1475853427287327051,1475853427288707017
561,1475853427307336091,1475853427308705091
562,1475853427327325105,1475853427328726053
563,1475853427347332954,1475853427348705053
564,1475853427367325067,1475853427368729114
565,1475853427387325048,1475853427388725042
566,1475853427407325029,1475853427408682107
567,1475853427427330970,1475853427428694009
568,1475853427447321891,1475853427448693037
569,1475853427467331886,1475853427468723058
570,1475853427487330913,1475853427488933086
571,1475853427507323026,1475853427508713960
572,1475853427527326107,1475853427528703927
573,1475853427547328948,1475853427548717021
574,1475853427567323923,1475853427568737030
575,1475853427587323904,1475853427588706016
576,1475853427607321977,1475853427608715057
577,1475853427627330064,1475853427628710031
578,1475853427647320985,1475853427648701906
579,1475853427667330026,1475853427668715000
580,1475853427687321901,1475853427688710927
581,1475853427707331895,1475853427708702087
582,1475853427727322101,1475853427728712081
583,1475853427747332096,1475853427748742103
584,1475853427767328023,1475853427768735885
585,1475853427787326097,1475853427788710117
586,1475853427807323932,1475853427808737993
587,1475853427827328920,1475853427828692913
588,1475853427847321987,1475853427848697900
589,1475853427867335081,1475853427868738889
590,1475853427887322902,1475853427888725996
591,1475853427907331943,1475853427908696889
592,1475853427927323102,1475853427928749084
593,1475853427947330951,1475853427948703050
594,1475853427967319965,1475853427968679904
595,1475853427987328052,1475853427988843917
596,1475853428007508993,1475853428008953094
597,1475853428027337074,1475853428028745889
598,1475853428047322034,1475853428048687934
599,1475853428067334890,1475853428068727016
600,1475853428087321043,1475853428088690042
601,1475853428107333898,1475853428108721971
602,1475853428127326965,1475853428128685951
603,1475853428147331953,1475853428148783922
604,1475853428167324066,1475853428168677091
605,1475853428187323093,1475853428188698053
606,1475853428207323074,1475853428208697080
607,1475853428227329969,1475853428228693962
608,1475853428247322082,1475853428248717069
609,1475853428267337083,1475853428268731117
610,1475853428287328004,1475853428288718938
611,1475853428307333946,1475853428308703899
612,1475853428327321052,1475853428328728914
613,1475853428347328901,1475853428348709106
614,1475853428367320060,1475853428368705034
615,1475853428387320041,1475853428388690948
616,1475853428407322883,1475853428408690929
617,1475853428427331924,1475853428428689002
618,1475853428447319984,1475853428448693990
619,1475853428467330932,1475853428468692064
620,1475853428487323999,1475853428488727092
621,1475853428507323980,1475853428508735895
622,1475853428527323961,1475853428528704881
623,1475853428547322988,1475853428548739910
624,1475853428567322015,1475853428568692922
625,1475853428587318897,1475853428588715076
626,1475853428607325077,1475853428608714103
627,1475853428627331972,1475853428628711938
628,1475853428647320985,1475853428648683071
629,1475853428667326927,1475853428668714046
630,1475853428687325000,1475853428688723087
631,1475853428707336902,1475853428708722114
632,1475853428727324008,1475853428728709936
633,1475853428747330904,1475853428748713970
634,1475853428767328977,1475853428768778085
635,1475853428787328004,1475853428788734912
636,1475853428807323932,1475853428808744907
637,1475853428827332973,1475853428828720092
638,1475853428847321033,1475853428848702907
639,1475853428867331027,1475853428868693113
640,1475853428887320041,1475853428888747930
641,1475853428907330989,1475853428908703088
642,1475853428927324056,1475853428928694963
643,1475853428947329044,1475853428948754072
644,1475853428967324018,1475853428968693971
645,1475853428987333059,1475853428988781929
646,1475853429007323026,1475853429008765935
647,1475853429027328968,1475853429028740882
648,1475853429047318935,1475853429048697948
649,1475853429067329883,1475853429068701982
650,1475853429087322950,1475853429088689088
651,1475853429107331037,1475853429108721971
652,1475853429127325057,1475853429128685951
653,1475853429147326946,1475853429148730039
654,1475853429167324066,1475853429168715953
655,1475853429187321901,1475853429188745975
656,1475853429207329988,1475853429208690881
657,1475853429227322101,1475853429228738069
658,1475853429247333049,1475853429248745918
659,1475853429267343044,1475853429268740892
660,1475853429287324905,1475853429288705110
661,1475853429307332038,1475853429308725118
662,1475853429327323913,1475853429328711032
663,1475853429347328901,1475853429348762035
664,1475853429367326974,1475853429368719100
665,1475853429387322902,1475853429388690948
666,1475853429407325983,1475853429408684015
667,1475853429427333116,1475853429428697109
668,1475853429447320938,1475853429448704004
669,1475853429467333078,1475853429468703985
670,1475853429487320899,1475853429488703012
671,1475853429507344007,1475853429508747100
672,1475853429527323961,1475853429528700113
673,1475853429547327995,1475853429548702955
674,1475853429567318916,1475853429568726062
675,1475853429587323904,1475853429588711023
676,1475853429607322931,1475853429608719110
677,1475853429627332925,1475853429628731966
678,1475853429647320985,1475853429648719072
679,1475853429667331933,1475853429668718099
680,1475853429687321901,1475853429688714981
681,1475853429707330942,1475853429708705902
682,1475853429727320909,1475853429728703022
683,1475853429747328996,1475853429748718023
684,1475853429767328023,1475853429768739938
685,1475853429787328958,1475853429788717031
686,1475853429807326078,1475853429808736085
687,1475853429827322006,1475853429828733921
688,1475853429847321987,1475853429848689079
689,1475853429867331981,1475853429868700981
690,1475853429887320995,1475853429888748884
691,1475853429907332897,1475853429908699035
692,1475853429927320003,1475853429928750038
693,1475853429947330951,1475853429948724031
694,1475853429967320919,1475853429968710899
695,1475853429987332105,1475853429988776922
696,1475853430007324934,1475853430008765935
697,1475853430027332067,1475853430028714895
698,1475853430047323942,1475853430048691034
699,1475853430067332029,1475853430068701028
700,1475853430087321043,1475853430088699102
701,1475853430107331991,1475853430108716964
702,1475853430127326965,1475853430128696918
703,1475853430147332906,1475853430148744106
704,1475853430167325973,1475853430168683052
705,1475853430187323093,1475853430188693046
706,1475853430207323074,1475853430208693981
707,1475853430227334022,1475853430228702068
708,1475853430247325897,1475853430248765945
709,1475853430267334938,1475853430268796920
710,1475853430287391901,1475853430289011955
711,1475853430307368040,1475853430308959960
712,1475853430327346086,1475853430328866004
713,1475853430347341060,1475853430348762035
714,1475853430367327928,1475853430368796110
715,1475853430387335062,1475853430388760089
716,1475853430407322883,1475853430408719062
717,1475853430427333116,1475853430428745985
718,1475853430447321891,1475853430448718070
719,1475853430467334032,1475853430468751907
720,1475853430487320899,1475853430488742113
721,1475853430507325887,1475853430508766889
722,1475853430527323007,1475853430528773069
723,1475853430547334909,1475853430548732995
724,1475853430567325115,1475853430568733930
725,1475853430587347030,1475853430588797092
726,1475853430607328891,1475853430608745098
727,1475853430627334117,1475853430628740072
728,1475853430647322893,1475853430648751974
729,1475853430667331933,1475853430668742895
730,1475853430687325954,1475853430688774108
731,1475853430707345008,1475853430708746910
732,1475853430727325916,1475853430728831052
733,1475853430747334003,1475853430748759984
734,1475853430767328023,1475853430768775939
735,1475853430787337064,1475853430788762092
736,1475853430807326078,1475853430808759927
737,1475853430827334880,1475853430828732967
738,1475853430847323894,1475853430848730087
739,1475853430867330074,1475853430868727922
740,1475853430887325048,1475853430888773918
741,1475853430907334089,1475853430908734083
742,1475853430927324056,1475853430928716897
743,1475853430947330951,1475853430948735952
744,1475853430967320919,1475853430968705892
745,1475853430987332105,1475853430988794088
746,1475853431007328987,1475853431008800983
747,1475853431027337074,1475853431028794050
748,1475853431047327041,1475853431048799037
749,1475853431067337036,1475853431068733930
750,1475853431087323904,1475853431088830947
751,1475853431107516050,1475853431108937978
752,1475853431127327919,1475853431128803968
753,1475853431147331953,1475853431148777008
754,1475853431167327880,1475853431168726921
755,1475853431187334060,1475853431188733100
756,1475853431207335948,1475853431208734989
757,1475853431227330923,1475853431228725910
758,1475853431247327089,1475853431248759031
759,1475853431267332077,1475853431268822908
760,1475853431287326097,1475853431288729906
761,1475853431307333946,1475853431308731079
762,1475853431327322006,1475853431328716039
763,1475853431347328901,1475853431348748922
764,1475853431367322921,1475853431368721008
765,1475853431387330055,1475853431388737916
766,1475853431407321929,1475853431408718109
767,1475853431427330970,1475853431428726911
768,1475853431447324991,1475853431448749065
769,1475853431467335939,1475853431468769073
770,1475853431487327098,1475853431488729000
771,1475853431507322072,1475853431508749961
772,1475853431527324914,1475853431528738021
773,1475853431547331094,1475853431548758029
774,1475853431567326068,1475853431568731069
775,1475853431587337970,1475853431588795900
776,1475853431607327938,1475853431608748912
777,1475853431627338886,1475853431628801107
778,1475853431647326946,1475853431648741960
779,1475853431667334079,1475853431668766975
780,1475853431687325954,1475853431688802003
781,1475853431707345962,1475853431708749055
782,1475853431727324962,1475853431728724956
783,1475853431747330904,1475853431748754978
784,1475853431767328023,1475853431768771886
785,1475853431787338972,1475853431788781881
786,1475853431807324886,1475853431808767080
787,1475853431827332973,1475853431828727960
788,1475853431847326040,1475853431848769903
789,1475853431867331027,1475853431868737936
790,1475853431887326002,1475853431888782024
791,1475853431907330036,1475853431908739089
792,1475853431927325963,1475853431928719997
793,1475853431947329998,1475853431948740005
794,1475853431967322111,1475853431968709945
795,1475853431987332105,1475853431988787889
796,1475853432007320880,1475853432008791923
797,1475853432027334928,1475853432028753042
798,1475853432047322034,1475853432048717975
799,1475853432067331075,1475853432068754911
800,1475853432087326049,1475853432088763952
801,1475853432107331037,1475853432108745098
802,1475853432127327919,1475853432128732919
803,1475853432147332906,1475853432148780107
804,1475853432167325973,1475853432168689012
805,1475853432187329053,1475853432189066886
806,1475853432207330942,1475853432208944082
807,1475853432227340936,1475853432228935956
808,1475853432247340917,1475853432248969078
809,1475853432267342090,1475853432268965005
810,1475853432287333965,1475853432288944005
811,1475853432307339906,1475853432308942079
812,1475853432327333927,1475853432328887939
813,1475853432347337961,1475853432348948955
814,1475853432367332935,1475853432368906021
815,1475853432387331962,1475853432388725996
816,1475853432407324075,1475853432408689022
817,1475853432427330970,1475853432428715944
818,1475853432447318077,1475853432448683977
819,1475853432467328071,1475853432468765020
820,1475853432487324953,1475853432488689899
821,1475853432507323980,1475853432508740901
822,1475853432527324914,1475853432528711080
823,1475853432547327041,1475853432548695087
824,1475853432567321062,1475853432568680047
825,1475853432587327957,1475853432589035987
826,1475853432607345104,1475853432608957052
827,1475853432627342939,1475853432628927946
828,1475853432647330999,1475853432648957967
829,1475853432667336940,1475853432668917894
830,1475853432687334060,1475853432688968896
831,1475853432707341909,1475853432708942890
832,1475853432727338075,1475853432728924036
833,1475853432747371912,1475853432749114036
834,1475853432767353057,1475853432768729925
835,1475853432787352085,1475853432788953065
836,1475853432807332038,1475853432808947086
837,1475853432827336072,1475853432828903913
838,1475853432847328901,1475853432848912954
839,1475853432867328882,1475853432868937015
840,1475853432887325048,1475853432888920068
841,1475853432907336950,1475853432908973932
842,1475853432927334070,1475853432928905010
843,1475853432947336912,1475853432948931932
844,1475853432967328071,1475853432968908071
845,1475853432987338066,1475853432988961935
846,1475853433007328987,1475853433008944988
847,1475853433027338027,1475853433028985977
848,1475853433047328948,1475853433048919916
849,1475853433067334890,1475853433068914890
850,1475853433087326049,1475853433088978052
851,1475853433107336997,1475853433108927965
852,1475853433127340078,1475853433128941059
853,1475853433147339105,1475853433148936033
854,1475853433167329072,1475853433168942928
855,1475853433187333106,1475853433188934087
856,1475853433207325935,1475853433208950996
857,1475853433227333068,1475853433228902101
858,1475853433247337102,1475853433248966932
859,1475853433267339944,1475853433268712043
860,1475853433287338972,1475853433288957118
861,1475853433307334899,1475853433308912992
862,1475853433327327013,1475853433328881025
863,1475853433347335100,1475853433348918914
864,1475853433367328882,1475853433368959903
865,1475853433387339115,1475853433388962984
866,1475853433407327890,1475853433408914089
867,1475853433427336931,1475853433428910017
868,1475853433447329044,1475853433448895931
869,1475853433467335939,1475853433468904972
870,1475853433487330913,1475853433488914012
871,1475853433507329940,1475853433508989095
872,1475853433527331113,1475853433528913021
873,1475853433547338008,1475853433548933982
874,1475853433567329883,1475853433568905115
875,1475853433587333917,1475853433588922023
876,1475853433607330083,1475853433608954906
877,1475853433627336025,1475853433628922939
878,1475853433647329092,1475853433648909091
879,1475853433667329072,1475853433668898105
880,1475853433687330007,1475853433688911914
881,1475853433707338094,1475853433708926916
882,1475853433727332115,1475853433728924036
883,1475853433747332096,1475853433748914957
884,1475853433767330884,1475853433768954992
885,1475853433787344932,1475853433788932085
886,1475853433807329893,1475853433808909893
887,1475853433827337980,1475853433828944921
888,1475853433847327947,1475853433848906993
889,1475853433867328882,1475853433868900060
890,1475853433887327909,1475853433889008045
891,1475853433907335042,1475853433908915996
892,1475853433927330970,1475853433928900003
893,1475853433947335958,1475853433948926925
894,1475853433967329978,1475853433968905925
895,1475853433987333059,1475853433988924026
896,1475853434007328987,1475853434008935928
897,1475853434027337074,1475853434028939008
898,1475853434047329902,1475853434048927068
899,1475853434067334890,1475853434068931102
900,1475853434087327957,1475853434088926076
901,1475853434107336997,1475853434108951091
902,1475853434127336978,1475853434128928899
903,1475853434147336959,1475853434148937940
904,1475853434167330980,1475853434168936014
905,1475853434187336921,1475853434188941001
906,1475853434207329034,1475853434208894968
907,1475853434227333068,1475853434228943109
908,1475853434247334003,1475853434248958110
909,1475853434267339944,1475853434268709897
910,1475853434287341117,1475853434289068937
911,1475853434307338953,1475853434308959960
912,1475853434327331066,1475853434328967094
913,1475853434347341060,1475853434348968029
914,1475853434367335081,1475853434368720054
915,1475853434387341022,1475853434388717889
916,1475853434407334089,1475853434408746004
917,1475853434427336931,1475853434428724050
918,1475853434447335004,1475853434448736906
919,1475853434467343091,1475853434468745946
920,1475853434487330913,1475853434488739013
921,1475853434507334947,1475853434508755922
922,1475853434527338027,1475853434528712987
923,1475853434547338008,1475853434548742055
924,1475853434567332983,1475853434568696022
925,1475853434587342977,1475853434588851928
926,1475853434607335090,1475853434608709096
927,1475853434627341985,1475853434628756046
928,1475853434647331953,1475853434648705959
929,1475853434667341947,1475853434668704986
930,1475853434687333106,1475853434688797950
931,1475853434707339048,1475853434708713054
932,1475853434727335929,1475853434728689908
933,1475853434747339963,1475853434748717069
934,1475853434767349004,1475853434768784046
935,1475853434787348985,1475853434788731098
936,1475853434807331085,1475853434808736085
937,1475853434827339887,1475853434828699111
938,1475853434847331047,1475853434848721981
939,1475853434867341995,1475853434868702888
940,1475853434887334108,1475853434888724088
941,1475853434907340049,1475853434908720970
942,1475853434927330970,1475853434928693056
943,1475853434947330951,1475853434948698043
944,1475853434967334985,1475853434968698978
945,1475853434987338066,1475853434988712072
946,1475853435007333993,1475853435008733987
947,1475853435027342081,1475853435028729915
948,1475853435047333002,1475853435048712968
949,1475853435067342042,1475853435068705081
950,1475853435087336063,1475853435088732004
951,1475853435107332944,1475853435108712911
952,1475853435127336978,1475853435128736972
953,1475853435147339105,1475853435148714065
954,1475853435167335987,1475853435168708086
955,1475853435187336921,1475853435188713073
956,1475853435207330942,1475853435208703994
957,1475853435227339029,1475853435228702068
958,1475853435247334003,1475853435248769044
959,1475853435267345905,1475853435268734931
960,1475853435287334918,1475853435288712978
961,1475853435307336091,1475853435308741092
962,1475853435327333927,1475853435328708887
963,1475853435347337961,1475853435348725080
964,1475853435367331981,1475853435368729114
965,1475853435387342929,1475853435388722896
966,1475853435407334089,1475853435408763885
967,1475853435427341938,1475853435428798913
968,1475853435447333097,1475853435448769092
969,1475853435467343091,1475853435468780994
970,1475853435487334966,1475853435488800048
971,1475853435507337093,1475853435508789062
972,1475853435527333021,1475853435528743028
973,1475853435547339916,1475853435548748016
974,1475853435567336082,1475853435568748950
975,1475853435587338924,1475853435588749885
976,1475853435607335090,1475853435608756065
977,1475853435627341032,1475853435628767013
978,1475853435647332906,1475853435648757934
979,1475853435667340993,1475853435668756008
980,1475853435687333106,1475853435688788890
981,1475853435707343101,1475853435708789110
982,1475853435727336883,1475853435728755950
983,1475853435747338056,1475853435748769998
984,1475853435767338991,1475853435768798112
985,1475853435787349939,1475853435788779973
986,1475853435807336091,1475853435808789014
987,1475853435827344894,1475853435828738927
988,1475853435847336053,1475853435848754882
989,1475853435867341995,1475853435868756055
990,1475853435887335062,1475853435888798952
991,1475853435907337903,1475853435908750057
992,1475853435927335977,1475853435928730010
993,1475853435947340011,1475853435948762893
994,1475853435967334032,1475853435968744039
995,1475853435987334012,1475853435988754987
996,1475853436007338047,1475853436008810043
997,1475853436027333974,1475853436028774976
998,1475853436047334909,1475853436048773050
999,1475853436067334890,1475853436068736076
