0,1475853011315062999,1475853011316648006
1,1475853011515382051,1475853011516839027
2,1475853011715308904,1475853011716820955
3,1475853011915255069,1475853011916579961
4,1475853012115238904,1475853012116465091
5,1475853012315238952,1475853012316492080
6,1475853012515237092,1475853012516434907
7,1475853012715238094,1475853012716301918
8,1475853012915360927,1475853012917146921
9,1475853013115447998,1475853013116851091
10,1475853013315448045,1475853013316898107
11,1475853013515445947,1475853013516854047
12,1475853013715445995,1475853013716948986
13,1475853013915653944,1475853013917145967
14,1475853014115452051,1475853014116856098
15,1475853014315458059,1475853014316931009
16,1475853014515451908,1475853014516882896
17,1475853014715449094,1475853014716872930
18,1475853014915473937,1475853014916965007
19,1475853015115452051,1475853015116873025
20,1475853015315450906,1475853015316905975
21,1475853015515446901,1475853015516866922
22,1475853015715445995,1475853015716856956
23,1475853015915514945,1475853015917145967
24,1475853016115474939,1475853016116976976
25,1475853016315450906,1475853016316971063
26,1475853016515461921,1475853016517047882
27,1475853016715641975,1475853016717056989
28,1475853016915461063,1475853016917072057
29,1475853017115451097,1475853017116868019
30,1475853017315464019,1475853017317146062
31,1475853017515446901,1475853017516933917
32,1475853017715451002,1475853017716937065
33,1475853017915455102,1475853017917030096
34,1475853018115451097,1475853018116956949
35,1475853018315453052,1475853018317086935
36,1475853018515640020,1475853018517118930
37,1475853018715465068,1475853018716902017
38,1475853018915455102,1475853018917063951
39,1475853019115454912,1475853019116899967
40,1475853019315447092,1475853019316958904
41,1475853019515465974,1475853019516937971
42,1475853019715445995,1475853019716906070
43,1475853019915452003,1475853019916969060
44,1475853020115447044,1475853020116885900
45,1475853020315449953,1475853020316968917
46,1475853020515450000,1475853020516941070
47,1475853020715451002,1475853020716903924
48,1475853020915462017,1475853020917030096
49,1475853021115452051,1475853021116902112
50,1475853021315448045,1475853021316950082
51,1475853021515448093,1475853021516925096
52,1475853021715446949,1475853021716934919
53,1475853021915456056,1475853021916997909
54,1475853022115449905,1475853022116899967
55,1475853022315519094,1475853022317202091
56,1475853022515467882,1475853022516932010
57,1475853022715445995,1475853022716893911
58,1475853022915453910,1475853022916986942
59,1475853023115447998,1475853023116956949
60,1475853023315448045,1475853023316967964
61,1475853023515448093,1475853023516911983
62,1475853023715451002,1475853023716907978
63,1475853023915453910,1475853023916989088
64,1475853024115447998,1475853024116914987
65,1475853024315450906,1475853024316941022
66,1475853024515451908,1475853024516942024
67,1475853024715446949,1475853024716929912
68,1475853024915452003,1475853024916996002
69,1475853025115447998,1475853025116889953
70,1475853025315447092,1475853025316932916
71,1475853025515451908,1475853025516913890
72,1475853025715450048,1475853025716958999
73,1475853025915502071,1475853025917154073
74,1475853026115473031,1475853026116991996
75,1475853026315462112,1475853026316996097
76,1475853026515455961,1475853026516926050
77,1475853026715456962,1475853026716912031
78,1475853026915457963,1475853026917001962
79,1475853027115452051,1475853027116899967
80,1475853027315449953,1475853027316937923
81,1475853027515455961,1475853027516951084
82,1475853027715446949,1475853027716895103
83,1475853027915452003,1475853027916984081
84,1475853028115453004,1475853028116915941
85,1475853028315453052,1475853028316936016
86,1475853028515455007,1475853028516915082
87,1475853028715445041,1475853028716896057
88,1475853028915465116,1475853028917006969
89,1475853029115458011,1475853029116905927
90,1475853029315454006,1475853029316939115
91,1475853029515454053,1475853029516923904
92,1475853029715450048,1475853029716936111
93,1475853029915462017,1475853029917218923
94,1475853030115454912,1475853030116931915
95,1475853030315454006,1475853030316950082
96,1475853030515463113,1475853030516959905
97,1475853030715454101,1475853030716902017
98,1475853030915458917,1475853030917010068
99,1475853031115458965,1475853031116925954
100,1475853031315448999,1475853031316948890
101,1475853031515455007,1475853031516941070
102,1475853031715450048,1475853031716896057
103,1475853031915457963,1475853031916996955
104,1475853032115453958,1475853032116899967
105,1475853032315510988,1475853032317167043
106,1475853032515477895,1475853032516952037
107,1475853032715455055,1475853032716906070
108,1475853032915456056,1475853032916977882
109,1475853033115448951,1475853033116898059
110,1475853033315448999,1475853033316937923
111,1475853033515455007,1475853033516951084
112,1475853033715445995,1475853033716898918
113,1475853033915456056,1475853033916979074
114,1475853034115447998,1475853034116897106
115,1475853034315445899,1475853034316936969
116,1475853034515455007,1475853034516923904
117,1475853034715445041,1475853034716958999
118,1475853034915460109,1475853034916990995
119,1475853035115452051,1475853035116957902
120,1475853035315452098,1475853035316998958
121,1475853035515458106,1475853035516926050
122,1475853035715477943,1475853035717048883
123,1475853035915468931,1475853035917077064
124,1475853036115461111,1475853036116961956
125,1475853036315454006,1475853036316962957
126,1475853036515464067,1475853036516948938
127,1475853036715447902,1475853036716922998
128,1475853036915462017,1475853036917035102
129,1475853037115453004,1475853037116919040
130,1475853037315453052,1475853037316951036
131,1475853037515451908,1475853037516957044
132,1475853037715450048,1475853037716947078
133,1475853037915489912,1475853037917162895
134,1475853038115463018,1475853038116959095
135,1475853038315454959,1475853038316963911
136,1475853038515455961,1475853038516942977
137,1475853038715442895,1475853038716939926
138,1475853038915453910,1475853038917009115
139,1475853039115449905,1475853039116962909
140,1475853039315452098,1475853039317048072
141,1475853039515460014,1475853039516931056
142,1475853039715445041,1475853039716902017
143,1475853039915456056,1475853039917042970
144,1475853040115453004,1475853040116916894
145,1475853040315449953,1475853040316939115
146,1475853040515455961,1475853040516943931
147,1475853040715447902,1475853040716942071
148,1475853040915492057,1475853040917174100
149,1475853041115468025,1475853041116966009
150,1475853041315455913,1475853041317064046
151,1475853041515455007,1475853041516957998
152,1475853041715450048,1475853041716936111
153,1475853041915452003,1475853041917016983
154,1475853042115453958,1475853042116961002
155,1475853042315455913,1475853042317022085
156,1475853042515456914,1475853042516917943
157,1475853042715450048,1475853042716984033
158,1475853042915458917,1475853042916996002
159,1475853043115457057,1475853043116929054
160,1475853043315449953,1475853043316941022
161,1475853043515455961,1475853043516923904
162,1475853043715326070,1475853043716813087
163,1475853043915456056,1475853043916996002
164,1475853044115452051,1475853044116919994
165,1475853044315454959,1475853044316951036
166,1475853044515456914,1475853044516923904
167,1475853044715446949,1475853044716993093
168,1475853044915453910,1475853044916991949
169,1475853045115452051,1475853045116950988
170,1475853045315450906,1475853045316946983
171,1475853045515454053,1475853045516922950
172,1475853045715445995,1475853045716903924
173,1475853045915508985,1475853045917206048
174,1475853046115475893,1475853046116971969
175,1475853046315454959,1475853046316962957
176,1475853046515458106,1475853046516973972
177,1475853046715442895,1475853046716912984
178,1475853046915451049,1475853046916982889
179,1475853047115452051,1475853047116931915
180,1475853047315449953,1475853047317034006
181,1475853047515455961,1475853047516930103
182,1475853047715444087,1475853047716996908
183,1475853047915466070,1475853047917089939
184,1475853048115456104,1475853048116959095
185,1475853048315452098,1475853048316998958
186,1475853048515454053,1475853048516949892
187,1475853048715449094,1475853048716944932
188,1475853048915452003,1475853048917027950
189,1475853049115456104,1475853049117002010
190,1475853049315452098,1475853049316992998
191,1475853049515458106,1475853049516988039
192,1475853049715447902,1475853049717005968
193,1475853049915452957,1475853049917233943
194,1475853050115452051,1475853050116971969
195,1475853050315454006,1475853050316999912
196,1475853050515458106,1475853050516985893
197,1475853050715446949,1475853050716957092
198,1475853050915458917,1475853050917045116
199,1475853051115451097,1475853051116971969
200,1475853051315454959,1475853051317087888
201,1475853051515456914,1475853051517030954
202,1475853051715413093,1475853051716948032
203,1475853051915487051,1475853051917191028
204,1475853052115468025,1475853052117028951
205,1475853052315454006,1475853052317018985
206,1475853052515456914,1475853052516994953
207,1475853052715483903,1475853052717184066
208,1475853052915450096,1475853052917041063
209,1475853053115453004,1475853053116980075
210,1475853053315454006,1475853053317009925
211,1475853053515460968,1475853053516999006
212,1475853053715447902,1475853053717011928
213,1475853053915457010,1475853053917072057
214,1475853054115456104,1475853054116981029
215,1475853054315460920,1475853054317055940
216,1475853054515459060,1475853054517045974
217,1475853054715456008,1475853054716989040
218,1475853054915457963,1475853054917063951
219,1475853055115456104,1475853055116961002
220,1475853055315458059,1475853055316988945
221,1475853055515459060,1475853055516969919
222,1475853055715452909,1475853055717122077
223,1475853055915458917,1475853055917052984
224,1475853056115463018,1475853056117029905
225,1475853056315465927,1475853056317095041
226,1475853056515460968,1475853056516999959
227,1475853056715461015,1475853056716980934
228,1475853056915461063,1475853056917129993
229,1475853057115458965,1475853057116951942
230,1475853057315455913,1475853057316997051
231,1475853057515455961,1475853057516963958
232,1475853057715454101,1475853057716984033
233,1475853057915467023,1475853057917045116
234,1475853058115458011,1475853058116945028
235,1475853058315459012,1475853058317042112
236,1475853058515460014,1475853058517004013
237,1475853058715452909,1475853058716958045
238,1475853058915457010,1475853058917016983
239,1475853059115457057,1475853059116956949
240,1475853059315457105,1475853059316988945
241,1475853059515460014,1475853059516995906
242,1475853059715455055,1475853059716976881
243,1475853059915457010,1475853059917046070
244,1475853060115462064,1475853060117211103
245,1475853060315459966,1475853060317090988
246,1475853060515463113,1475853060517004966
247,1475853060715457916,1475853060716978073
248,1475853060915493011,1475853060917206048
249,1475853061115472078,1475853061117032051
250,1475853061315455913,1475853061317086935
251,1475853061515458106,1475853061516973972
252,1475853061715462923,1475853061717034101
253,1475853061915463924,1475853061917036056
254,1475853062115454912,1475853062116939067
255,1475853062315510988,1475853062317222118
256,1475853062515471935,1475853062517057895
257,1475853062715459108,1475853062717010021
258,1475853062915462970,1475853062917026996
259,1475853063115461111,1475853063116978883
260,1475853063315478086,1475853063317069053
261,1475853063515461921,1475853063516974925
262,1475853063715455055,1475853063716949939
263,1475853063915469884,1475853063917052030
264,1475853064115462064,1475853064117002964
265,1475853064315457105,1475853064316983938
266,1475853064515456914,1475853064516967058
267,1475853064715457916,1475853064716963052
268,1475853064915458917,1475853064917026996
269,1475853065115458011,1475853065116945981
270,1475853065315455913,1475853065316984891
271,1475853065515455961,1475853065516993999
272,1475853065715456962,1475853065716950893
273,1475853065915458917,1475853065917026042
274,1475853066115475893,1475853066117065906
275,1475853066315465927,1475853066317027091
276,1475853066515463113,1475853066516992092
277,1475853066715461015,1475853066716955900
278,1475853066915487051,1475853066917180061
279,1475853067115477085,1475853067117014884
280,1475853067315459012,1475853067317004919
281,1475853067515460968,1475853067516988992
282,1475853067715461015,1475853067717003107
283,1475853067915465116,1475853067917037010
284,1475853068115454912,1475853068116936922
285,1475853068315453052,1475853068316992044
286,1475853068515455961,1475853068516978979
287,1475853068715455055,1475853068716953039
288,1475853068915472984,1475853068917068958
289,1475853069115464925,1475853069116951942
290,1475853069315455913,1475853069316994905
291,1475853069515454053,1475853069516962051
292,1475853069715446949,1475853069717005968
293,1475853069915457010,1475853069917220115
294,1475853070115452051,1475853070117130994
295,1475853070315454959,1475853070317011117
296,1475853070515451908,1475853070517028093
297,1475853070715451002,1475853070717004060
298,1475853070915452957,1475853070917037963
299,1475853071115451097,1475853071116977930
300,1475853071315458059,1475853071317167043
301,1475853071515460968,1475853071517013072
302,1475853071715457916,1475853071717022895
303,1475853071915462017,1475853071917078018
304,1475853072115456104,1475853072116972923
305,1475853072315517902,1475853072317184925
306,1475853072515469074,1475853072516979932
307,1475853072715450048,1475853072716954946
308,1475853072915489912,1475853072917170047
309,1475853073115466117,1475853073117000102
310,1475853073315450906,1475853073317014932
311,1475853073515449047,1475853073516995906
312,1475853073715451002,1475853073716941118
313,1475853073915456056,1475853073917023897
314,1475853074115451097,1475853074116950988
315,1475853074315458059,1475853074317004919
316,1475853074515458106,1475853074516977071
317,1475853074715452909,1475853074716989994
318,1475853074915452957,1475853074917072057
319,1475853075115456104,1475853075116961002
320,1475853075315448999,1475853075316988945
321,1475853075515455007,1475853075516966104
322,1475853075715447902,1475853075716938018
323,1475853075915450096,1475853075917023897
324,1475853076115448951,1475853076116961002
325,1475853076315448999,1475853076317011117
326,1475853076515450954,1475853076516968965
327,1475853076715449094,1475853076716941118
328,1475853076915465116,1475853076917078971
329,1475853077115456104,1475853077116955995
330,1475853077315448999,1475853077316977977
331,1475853077515450954,1475853077516969919
332,1475853077715455055,1475853077717000007
333,1475853077915457963,1475853077917021036
334,1475853078115449905,1475853078116957902
335,1475853078315458059,1475853078317008018
336,1475853078515455007,1475853078516964912
337,1475853078715455055,1475853078716942071
338,1475853078915455102,1475853078917021036
339,1475853079115451097,1475853079116985082
340,1475853079315453052,1475853079316978931
341,1475853079515448093,1475853079516947984
342,1475853079715446949,1475853079716958045
343,1475853079915452003,1475853079917021036
344,1475853080115453004,1475853080116944074
345,1475853080315452098,1475853080316989898
346,1475853080515455007,1475853080516963958
347,1475853080715451002,1475853080716958045
348,1475853080915455102,1475853080917016983
349,1475853081115449905,1475853081116945981
350,1475853081315448999,1475853081317012071
351,1475853081515453100,1475853081516964912
352,1475853081715451002,1475853081716947078
353,1475853081915458917,1475853081917036056
354,1475853082115453958,1475853082116987943
355,1475853082315454006,1475853082316988945
356,1475853082515448093,1475853082516938924
357,1475853082715447902,1475853082716991901
358,1475853082915451049,1475853082917025089
359,1475853083115447998,1475853083116938114
360,1475853083315448999,1475853083316984891
361,1475853083515454053,1475853083516987085
362,1475853083715451002,1475853083716944932
363,1475853083915455102,1475853083917025089
364,1475853084115448951,1475853084116961956
365,1475853084315454959,1475853084316998958
366,1475853084515448093,1475853084516941070
367,1475853084715446949,1475853084716949939
368,1475853084915452003,1475853084917025089
369,1475853085115447998,1475853085117001056
370,1475853085315453052,1475853085317035913
371,1475853085515453100,1475853085516947984
372,1475853085715450048,1475853085716964960
373,1475853085915453910,1475853085917047977
374,1475853086115453958,1475853086116941928
375,1475853086315464019,1475853086317055940
376,1475853086515460014,1475853086516976118
377,1475853086715450048,1475853086716985940
378,1475853086915455102,1475853086917049884
379,1475853087115453958,1475853087117003917
380,1475853087315454959,1475853087316992044
381,1475853087515450954,1475853087516987085
382,1475853087715454101,1475853087716960906
383,1475853087915457963,1475853087917027950
384,1475853088115447998,1475853088116942882
385,1475853088315450906,1475853088316970109
386,1475853088515453100,1475853088516978025
387,1475853088715446949,1475853088716969966
388,1475853088915457010,1475853088917027950
389,1475853089115453004,1475853089116978883
390,1475853089315459966,1475853089317070960
391,1475853089515460014,1475853089517003059
392,1475853089715451955,1475853089716960906
393,1475853089915456056,1475853089917279005
394,1475853090115453004,1475853090116986036
395,1475853090315452098,1475853090317008972
396,1475853090515456914,1475853090516967058
397,1475853090715446949,1475853090716932058
398,1475853090915452957,1475853090917059898
399,1475853091115453958,1475853091116965055
400,1475853091315454959,1475853091316977977
401,1475853091515458106,1475853091516969919
402,1475853091715450048,1475853091716947078
403,1475853091915493011,1475853091917176961
404,1475853092115468025,1475853092116972923
405,1475853092315459012,1475853092317126989
406,1475853092515455007,1475853092517018079
407,1475853092715451002,1475853092716954946
408,1475853092915452957,1475853092917025089
409,1475853093115449905,1475853093116950988
410,1475853093315452098,1475853093316968917
411,1475853093515455961,1475853093516969919
412,1475853093715447902,1475853093716943979
413,1475853093915455102,1475853093917067050
414,1475853094115453004,1475853094116965055
415,1475853094315459012,1475853094316983938
416,1475853094515461921,1475853094516983985
417,1475853094715451955,1475853094716969966
418,1475853094915452957,1475853094917035102
419,1475853095115449905,1475853095116940975
420,1475853095315454006,1475853095316978931
421,1475853095515461921,1475853095516980886
422,1475853095715459108,1475853095716948986
423,1475853095915458917,1475853095917038917
424,1475853096115457057,1475853096116960048
425,1475853096315454006,1475853096316981077
426,1475853096515460014,1475853096516984939
427,1475853096715452909,1475853096717003107
428,1475853096915483951,1475853096917140007
429,1475853097115467071,1475853097116972923
430,1475853097315455913,1475853097316961050
431,1475853097515459060,1475853097516987085
432,1475853097715451002,1475853097716948032
433,1475853097915452003,1475853097917032957
434,1475853098115449905,1475853098117000102
435,1475853098315454959,1475853098316971063
436,1475853098515458106,1475853098516988039
437,1475853098715449094,1475853098716963052
438,1475853098915452957,1475853098917028903
439,1475853099115451097,1475853099116971015
440,1475853099315457105,1475853099317018032
441,1475853099515459060,1475853099516974925
442,1475853099715454101,1475853099717004060
443,1475853099915455102,1475853099917035102
444,1475853100115448951,1475853100116967916
445,1475853100315452098,1475853100316979885
446,1475853100515460014,1475853100516978979
447,1475853100715451955,1475853100716981887
448,1475853100915457010,1475853100917037010
449,1475853101115453958,1475853101117018938
450,1475853101315453052,1475853101317015886
451,1475853101515456914,1475853101516999959
452,1475853101715451955,1475853101717000007
453,1475853101915488004,1475853101917170047
454,1475853102115472078,1475853102117007970
455,1475853102315516948,1475853102317193031
456,1475853102515470981,1475853102517030954
457,1475853102715459108,1475853102717015981
458,1475853102915457963,1475853102917099952
459,1475853103115458965,1475853103116991043
460,1475853103315453052,1475853103316968917
461,1475853103515459060,1475853103516978979
462,1475853103715445041,1475853103716986894
463,1475853103915453910,1475853103917017936
464,1475853104115453958,1475853104116956949
465,1475853104315454959,1475853104316996097
466,1475853104515455007,1475853104517013072
467,1475853104715454101,1475853104716964960
468,1475853104915461063,1475853104917036056
469,1475853105115453958,1475853105116962909
470,1475853105315453052,1475853105316958904
471,1475853105515459060,1475853105516983985
472,1475853105715449094,1475853105716943025
473,1475853105915452957,1475853105917016029
474,1475853106115453958,1475853106116992950
475,1475853106315450906,1475853106317017078
476,1475853106515455961,1475853106516976118
477,1475853106715445995,1475853106716947078
478,1475853106915453910,1475853106917059898
479,1475853107115449905,1475853107116935968
480,1475853107315450906,1475853107317008018
481,1475853107515455961,1475853107516982078
482,1475853107715451955,1475853107716980934
483,1475853107915486097,1475853107917130947
484,1475853108115474939,1475853108116983890
485,1475853108315455913,1475853108316968917
486,1475853108515456914,1475853108516993999
487,1475853108715454101,1475853108716952085
488,1475853108915461063,1475853108917047977
489,1475853109115458011,1475853109116956949
490,1475853109315452098,1475853109316971063
491,1475853109515459060,1475853109516979932
492,1475853109715455055,1475853109716953039
493,1475853109915461063,1475853109917226076
494,1475853110115458965,1475853110117044925
495,1475853110315459012,1475853110317056894
496,1475853110515458106,1475853110516977071
497,1475853110715454101,1475853110716962099
498,1475853110915460109,1475853110917037010
499,1475853111115457057,1475853111116954088
500,1475853111315458059,1475853111316979885
501,1475853111515461921,1475853111517007112
502,1475853111715455055,1475853111716958045
503,1475853111915460109,1475853111917037963
504,1475853112115453004,1475853112116988897
505,1475853112315507888,1475853112317142009
506,1475853112515470027,1475853112517014980
507,1475853112715457916,1475853112717009067
508,1475853112915463924,1475853112917085886
509,1475853113115452051,1475853113116978883
510,1475853113315455913,1475853113317001104
511,1475853113515453100,1475853113516993045
512,1475853113715455055,1475853113717003107
513,1475853113915467023,1475853113917068004
514,1475853114115461111,1475853114117017030
515,1475853114315454959,1475853114317006111
516,1475853114515458106,1475853114517030954
517,1475853114715454101,1475853114716996908
518,1475853114915462017,1475853114917064905
519,1475853115115458011,1475853115117008924
520,1475853115315458059,1475853115317003011
521,1475853115515460968,1475853115517014026
522,1475853115715451955,1475853115717029094
523,1475853115915462017,1475853115917124986
524,1475853116115457057,1475853116116986989
525,1475853116315457105,1475853116317015886
526,1475853116515458106,1475853116517014980
527,1475853116715457916,1475853116717030048
528,1475853116915461063,1475853116917082071
529,1475853117115454912,1475853117117022991
530,1475853117315457105,1475853117316996097
531,1475853117515458106,1475853117516988992
532,1475853117715452909,1475853117716969013
533,1475853117915457010,1475853117917047023
534,1475853118115458011,1475853118116949081
535,1475853118315455913,1475853118316967010
536,1475853118515460968,1475853118516988992
537,1475853118715456962,1475853118717005014
538,1475853118915458917,1475853118917033910
539,1475853119115456104,1475853119116957902
540,1475853119315458059,1475853119316983938
541,1475853119515455961,1475853119516983032
542,1475853119715452909,1475853119716970920
543,1475853119915463924,1475853119917041063
544,1475853120115458011,1475853120117099046
545,1475853120315459012,1475853120316999912
546,1475853120515460968,1475853120517007112
547,1475853120715452909,1475853120716942071
548,1475853120915458917,1475853120917037963
549,1475853121115456104,1475853121116959095
550,1475853121315454006,1475853121316999912
551,1475853121515455007,1475853121516997098
552,1475853121715452909,1475853121717015981
553,1475853121915465116,1475853121917077064
554,1475853122115457057,1475853122116950035
555,1475853122315457105,1475853122316976070
556,1475853122515456914,1475853122516999959
557,1475853122715452909,1475853122716998100
558,1475853122915457963,1475853122917038917
559,1475853123115456104,1475853123117028951
560,1475853123315455913,1475853123316975116
561,1475853123515467882,1475853123517011880
562,1475853123715466022,1475853123717005014
563,1475853123915461063,1475853123917073011
564,1475853124115457057,1475853124116960048
565,1475853124315457105,1475853124316983938
566,1475853124515456914,1475853124516982078
567,1475853124715452909,1475853124717041969
568,1475853124915462017,1475853124917047977
569,1475853125115456104,1475853125116954088
570,1475853125315454959,1475853125316967964
571,1475853125515454053,1475853125517011880
572,1475853125715454101,1475853125716958045
573,1475853125915461063,1475853125917046070
574,1475853126115453958,1475853126116990089
575,1475853126315455913,1475853126316979885
576,1475853126515459060,1475853126516977071
577,1475853126715456008,1475853126716970920
578,1475853126915461063,1475853126917047977
579,1475853127115453958,1475853127116991043
580,1475853127315460920,1475853127317013978
581,1475853127515458106,1475853127516992092
582,1475853127715455055,1475853127716968059
583,1475853127915458917,1475853127917059898
584,1475853128115457057,1475853128116961956
585,1475853128315459012,1475853128316977977
586,1475853128515455961,1475853128516961097
587,1475853128715451002,1475853128716989994
588,1475853128915488958,1475853128917145967
589,1475853129115468025,1475853129116988897
590,1475853129315459966,1475853129317008018
591,1475853129515460968,1475853129517021894
592,1475853129715452909,1475853129716937065
593,1475853129915460109,1475853129917268037
594,1475853130115454912,1475853130116976022
595,1475853130315454959,1475853130316983938
596,1475853130515455961,1475853130516988039
597,1475853130715455055,1475853130716974020
598,1475853130915457010,1475853130917028903
599,1475853131115458965,1475853131116956949
600,1475853131315464973,1475853131317236900
601,1475853131515458106,1475853131517029047
602,1475853131715457916,1475853131717017889
603,1475853131915469884,1475853131917083024
604,1475853132115459918,1475853132116966962
605,1475853132315465927,1475853132317035913
606,1475853132515456914,1475853132516961097
607,1475853132715451955,1475853132716975927
608,1475853132915455102,1475853132917025089
609,1475853133115452051,1475853133116938114
610,1475853133315452098,1475853133316967010
611,1475853133515455961,1475853133517045974
612,1475853133715447902,1475853133716938972
613,1475853133915452003,1475853133917015075
614,1475853134115449905,1475853134116940021
615,1475853134315457105,1475853134316998004
616,1475853134515459060,1475853134516998052
617,1475853134715446949,1475853134716950893
618,1475853134915483951,1475853134917124986
619,1475853135115462064,1475853135117019891
620,1475853135315454959,1475853135317044019
621,1475853135515451908,1475853135516954898
622,1475853135715449094,1475853135716945886
623,1475853135915455102,1475853135917049884
624,1475853136115448951,1475853136116938114
625,1475853136315449953,1475853136317014932
626,1475853136515450954,1475853136517008066
627,1475853136715445041,1475853136716974973
628,1475853136915457963,1475853136917048931
629,1475853137115451097,1475853137116950988
630,1475853137315449953,1475853137316967010
631,1475853137515453100,1475853137517010927
632,1475853137715467929,1475853137717103958
633,1475853137915663003,1475853137917259931
634,1475853138115463972,1475853138117036104
635,1475853138315454006,1475853138316970109
636,1475853138515427112,1475853138516952991
637,1475853138715446949,1475853138717041015
638,1475853138915446996,1475853138917009115
639,1475853139115466117,1475853139117116928
640,1475853139315459012,1475853139317017078
641,1475853139515449047,1475853139517055988
642,1475853139715451002,1475853139716947078
643,1475853139915546894,1475853139917192935
644,1475853140115453958,1475853140116962909
645,1475853140315556049,1475853140317157030
646,1475853140515450954,1475853140516968011
647,1475853140715538978,1475853140717088937
648,1475853140915481090,1475853140917196989
649,1475853141115466117,1475853141117019891
650,1475853141315453052,1475853141316979885
651,1475853141515503883,1475853141517016887
652,1475853141715446949,1475853141717016935
653,1475853141915447950,1475853141917001962
654,1475853142115453958,1475853142117094993
655,1475853142315509080,1475853142317151069
656,1475853142515470027,1475853142517154932
657,1475853142715452909,1475853142716959953
658,1475853142915452003,1475853142917098999
659,1475853143115453004,1475853143116965055
660,1475853143315449953,1475853143317015886
661,1475853143515451908,1475853143516969919
662,1475853143715451955,1475853143716988086
663,1475853143915448904,1475853143916996955
664,1475853144115449905,1475853144117019891
665,1475853144315454006,1475853144317011117
666,1475853144515453100,1475853144516983985
667,1475853144715447902,1475853144716937065
668,1475853144915447950,1475853144917009115
669,1475853145115447998,1475853145116993904
670,1475853145315454006,1475853145316975116
671,1475853145515450000,1475853145516974925
672,1475853145715447902,1475853145716974973
673,1475853145915450096,1475853145917051076
674,1475853146115448951,1475853146116961002
675,1475853146315459012,1475853146317056894
676,1475853146515453100,1475853146517009973
677,1475853146715449094,1475853146716942071
678,1475853146915448904,1475853146917009115
679,1475853147115449905,1475853147116983890
680,1475853147315452098,1475853147316970109
681,1475853147515450000,1475853147516976118
682,1475853147715446949,1475853147716943025
683,1475853147915481090,1475853147917135000
684,1475853148115466117,1475853148117041110
685,1475853148315457105,1475853148317023038
686,1475853148515450954,1475853148516968965
687,1475853148715447902,1475853148716936111
688,1475853148915446043,1475853148916989088
689,1475853149115452051,1475853149116962909
690,1475853149315452098,1475853149316976070
691,1475853149515454053,1475853149516969919
692,1475853149715451002,1475853149716991901
693,1475853149915447950,1475853149917223930
694,1475853150115448951,1475853150116995096
695,1475853150315452098,1475853150316977977
696,1475853150515450000,1475853150516974925
697,1475853150715445995,1475853150716941118
698,1475853150915451049,1475853150917021989
699,1475853151115454912,1475853151116957902
700,1475853151315453052,1475853151316987037
701,1475853151515446901,1475853151516982078
702,1475853151715452909,1475853151716943979
703,1475853151915450096,1475853151917000055
704,1475853152115456104,1475853152116954088
705,1475853152315509080,1475853152317152023
706,1475853152515470981,1475853152516999959
707,1475853152715455055,1475853152716962099
708,1475853152915453910,1475853152916999101
709,1475853153115453958,1475853153116961956
710,1475853153315454959,1475853153316975116
711,1475853153515461921,1475853153517007112
712,1475853153715451002,1475853153716945886
713,1475853153915452957,1475853153916996955
714,1475853154115451097,1475853154116954088
715,1475853154315450906,1475853154316979885
716,1475853154515455961,1475853154516998052
717,1475853154715446949,1475853154716938018
718,1475853154915447950,1475853154916985988
719,1475853155115458011,1475853155116960048
720,1475853155315452098,1475853155316975116
721,1475853155515455961,1475853155517005920
722,1475853155715445995,1475853155716941118
723,1475853155915455102,1475853155917016029
724,1475853156115453004,1475853156116975069
725,1475853156315452098,1475853156316978931
726,1475853156515454053,1475853156516972064
727,1475853156715449094,1475853156716963052
728,1475853156915448904,1475853156917045116
729,1475853157115454912,1475853157116997003
730,1475853157315457105,1475853157316994905
731,1475853157515458106,1475853157516968011
732,1475853157715451002,1475853157716948986
733,1475853157915452003,1475853157916997909
734,1475853158115452051,1475853158116954088
735,1475853158315453052,1475853158316984891
736,1475853158515455007,1475853158517009019
737,1475853158715447902,1475853158716928005
738,1475853158915450096,1475853158916996002
739,1475853159115452051,1475853159116975069
740,1475853159315455913,1475853159316992044
741,1475853159515459060,1475853159516963005
742,1475853159715451955,1475853159716976881
743,1475853159915453910,1475853159917062044
744,1475853160115454912,1475853160116964101
745,1475853160315457105,1475853160317003011
746,1475853160515455007,1475853160516969919
747,1475853160715451955,1475853160716943025
748,1475853160915460109,1475853160917056083
749,1475853161115458011,1475853161116971969
750,1475853161315454006,1475853161316971063
751,1475853161515460014,1475853161516974925
752,1475853161715450048,1475853161716950893
753,1475853161915443897,1475853161917006969
754,1475853162115453958,1475853162116966962
755,1475853162315458059,1475853162316977024
756,1475853162515460014,1475853162516978979
757,1475853162715450048,1475853162717056035
758,1475853162915452957,1475853162917025089
759,1475853163115452051,1475853163116950035
760,1475853163315452098,1475853163317008018
761,1475853163515455007,1475853163517007112
762,1475853163715452909,1475853163716974020
763,1475853163915447950,1475853163917001008
764,1475853164115453004,1475853164117011070
765,1475853164315454006,1475853164316989898
766,1475853164515458106,1475853164516988992
767,1475853164715451002,1475853164716974973
768,1475853164915447950,1475853164917018890
769,1475853165115457057,1475853165117033958
770,1475853165315455913,1475853165317049980
771,1475853165515460014,1475853165517008066
772,1475853165715447902,1475853165716965913
773,1475853165915482997,1475853165917164087
774,1475853166115464925,1475853166117017984
775,1475853166315454006,1475853166316999912
776,1475853166515458106,1475853166516984939
777,1475853166715450048,1475853166716993093
778,1475853166915451049,1475853166917066097
779,1475853167115453004,1475853167117021083
780,1475853167315455913,1475853167316962003
781,1475853167515454053,1475853167517011880
782,1475853167715452909,1475853167716948032
783,1475853167915456056,1475853167917000055
784,1475853168115451097,1475853168116962909
785,1475853168315450906,1475853168316971063
786,1475853168515459060,1475853168517009019
787,1475853168715451002,1475853168716953992
788,1475853168915446043,1475853168916985988
789,1475853169115448951,1475853169116986989
790,1475853169315448999,1475853169317003011
791,1475853169515458106,1475853169516973972
792,1475853169715445995,1475853169716948986
793,1475853169915447950,1475853169917190074
794,1475853170115452051,1475853170116998910
795,1475853170315452098,1475853170316967964
796,1475853170515455007,1475853170516974925
797,1475853170715451955,1475853170716963052
798,1475853170915472984,1475853170917140960
799,1475853171115464925,1475853171116997957
800,1475853171315457105,1475853171316981077
801,1475853171515455961,1475853171516978979
802,1475853171715447902,1475853171716934919
803,1475853171915452003,1475853171917002916
804,1475853172115452051,1475853172116954088
805,1475853172315454959,1475853172316966056
806,1475853172515451908,1475853172516962051
807,1475853172715445995,1475853172716941118
808,1475853172915447950,1475853172917001008
809,1475853173115453004,1475853173116964101
810,1475853173315454006,1475853173316962957
811,1475853173515455961,1475853173516972064
812,1475853173715450048,1475853173716972112
813,1475853173915451049,1475853173917009115
814,1475853174115453958,1475853174117011070
815,1475853174315460920,1475853174317002058
816,1475853174515458106,1475853174517030954
817,1475853174715447902,1475853174716972112
818,1475853174915448904,1475853174917023897
819,1475853175115452051,1475853175116987943
820,1475853175315454006,1475853175316994905
821,1475853175515460014,1475853175517007112
822,1475853175715447902,1475853175716979980
823,1475853175915482044,1475853175917243957
824,1475853176115464925,1475853176117034912
825,1475853176315457105,1475853176317008972
826,1475853176515455961,1475853176517023086
827,1475853176715451002,1475853176716990947
828,1475853176915448904,1475853176917027950
829,1475853177115451097,1475853177117041110
830,1475853177315452098,1475853177316998958
831,1475853177515455961,1475853177517049074
832,1475853177715449094,1475853177716964006
833,1475853177915456056,1475853177917037010
834,1475853178115454912,1475853178117005109
835,1475853178315454006,1475853178317011117
836,1475853178515453100,1475853178516985893
837,1475853178715451002,1475853178716958045
838,1475853178915447950,1475853178916991949
839,1475853179115448951,1475853179116977930
840,1475853179315453052,1475853179317025899
841,1475853179515459060,1475853179517031908
842,1475853179715451955,1475853179716948986
843,1475853179915448904,1475853179916980028
844,1475853180115451097,1475853180116966009
845,1475853180315453052,1475853180316996097
846,1475853180515455961,1475853180516980886
847,1475853180715446949,1475853180716937065
848,1475853180915447950,1475853180916974067
849,1475853181115454912,1475853181116971015
850,1475853181315457105,1475853181317012071
851,1475853181515450954,1475853181516992092
852,1475853181715461015,1475853181717040061
853,1475853181915498018,1475853181917130947
854,1475853182115473031,1475853182117002964
855,1475853182315514087,1475853182317215919
856,1475853182515474081,1475853182517024040
857,1475853182715454101,1475853182716969966
858,1475853182915461063,1475853182917006969
859,1475853183115459918,1475853183117026090
860,1475853183315458059,1475853183316987037
861,1475853183515454053,1475853183516971111
862,1475853183715466022,1475853183717045068
863,1475853183915465116,1475853183917005062
864,1475853184115459918,1475853184116986989
865,1475853184315498113,1475853184317022085
866,1475853184515460968,1475853184517030000
867,1475853184715456008,1475853184716983079
868,1475853184915453910,1475853184917010068
869,1475853185115457057,1475853185116990089
870,1475853185315459012,1475853185316997051
871,1475853185515446901,1475853185516978025
872,1475853185715457916,1475853185716950893
873,1475853185915456056,1475853185916980028
874,1475853186115456104,1475853186117054939
875,1475853186315458059,1475853186317014932
876,1475853186515458106,1475853186516972064
877,1475853186715454101,1475853186716953039
878,1475853186915455102,1475853186916985988
879,1475853187115454912,1475853187116985082
880,1475853187315457105,1475853187316991090
881,1475853187515454053,1475853187516987085
882,1475853187715455055,1475853187716990947
883,1475853187915456056,1475853187917062044
884,1475853188115457057,1475853188116976022
885,1475853188315455913,1475853188317101955
886,1475853188515455007,1475853188517031908
887,1475853188715452909,1475853188716949939
888,1475853188915455102,1475853188916991949
889,1475853189115453958,1475853189116974115
890,1475853189315454959,1475853189316991090
891,1475853189515458106,1475853189516995906
892,1475853189715454101,1475853189716943979
893,1475853189915456056,1475853189917201995
894,1475853190115457057,1475853190117046117
895,1475853190315457105,1475853190317020893
896,1475853190515456914,1475853190516999959
897,1475853190715455055,1475853190716986894
898,1475853190915455102,1475853190917045116
899,1475853191115453958,1475853191116987943
900,1475853191315457105,1475853191317015886
901,1475853191515460014,1475853191517103910
902,1475853191715451955,1475853191717154979
903,1475853191915458917,1475853191917027950
904,1475853192115458011,1475853192117109060
905,1475853192315507888,1475853192317167997
906,1475853192515471935,1475853192517123937
907,1475853192715456008,1475853192716959953
908,1475853192915457963,1475853192917103052
909,1475853193115456104,1475853193116998910
910,1475853193315457105,1475853193316998004
911,1475853193515455007,1475853193516983985
912,1475853193715455055,1475853193717006921
913,1475853193915455102,1475853193916990995
914,1475853194115457057,1475853194117031097
915,1475853194315462112,1475853194317061901
916,1475853194515456914,1475853194517014980
917,1475853194715456008,1475853194716950893
918,1475853194915455102,1475853194916990995
919,1475853195115456104,1475853195117014884
920,1475853195315459966,1475853195316987991
921,1475853195515460014,1475853195516993045
922,1475853195715452909,1475853195716995000
923,1475853195915457010,1475853195917062044
924,1475853196115457057,1475853196116974115
925,1475853196315454006,1475853196316970109
926,1475853196515454053,1475853196517014026
927,1475853196715451002,1475853196716980934
928,1475853196915447950,1475853196916984081
929,1475853197115458965,1475853197117031097
930,1475853197315455913,1475853197317034006
931,1475853197515453100,1475853197516988039
932,1475853197715447902,1475853197716960906
933,1475853197915451049,1475853197916991949
934,1475853198115456104,1475853198117130994
935,1475853198315459966,1475853198317042112
936,1475853198515453100,1475853198516989946
937,1475853198715447902,1475853198716959953
938,1475853198915448904,1475853198916992902
939,1475853199115448951,1475853199116974115
940,1475853199315448999,1475853199316975116
941,1475853199515451908,1475853199516988992
942,1475853199715451002,1475853199716972112
943,1475853199915451049,1475853199917016983
944,1475853200115448951,1475853200116977930
945,1475853200315448999,1475853200316967964
946,1475853200515448093,1475853200516954898
947,1475853200715446949,1475853200716938018
948,1475853200915452003,1475853200917002916
949,1475853201115449905,1475853201116975069
950,1475853201315448999,1475853201316991090
951,1475853201515451908,1475853201516983032
952,1475853201715449094,1475853201716938018
953,1475853201915448904,1475853201916992902
954,1475853202115452051,1475853202116983890
955,1475853202315450906,1475853202317007064
956,1475853202515448093,1475853202516968011
957,1475853202715445995,1475853202716947078
958,1475853202915451049,1475853202917020082
959,1475853203115448951,1475853203116971969
960,1475853203315453052,1475853203316976070
961,1475853203515449047,1475853203516980886
962,1475853203715449094,1475853203716953992
963,1475853203915478944,1475853203917113065
964,1475853204115466117,1475853204117002964
965,1475853204315454959,1475853204316997051
966,1475853204515451908,1475853204517016887
967,1475853204715450048,1475853204716945886
968,1475853204915447950,1475853204916991949
969,1475853205115449905,1475853205116975069
970,1475853205315453052,1475853205316998004
971,1475853205515451908,1475853205516980886
972,1475853205715446949,1475853205716948032
973,1475853205915447950,1475853205917032957
974,1475853206115454912,1475853206116982936
975,1475853206315450906,1475853206316997051
976,1475853206515449047,1475853206516976118
977,1475853206715446949,1475853206716938972
978,1475853206915446996,1475853206916970968
979,1475853207115452051,1475853207117005109
980,1475853207315452098,1475853207317006111
981,1475853207515449047,1475853207516988992
982,1475853207715446949,1475853207716954946
983,1475853207915450096,1475853207916980981
984,1475853208115454912,1475853208116981983
985,1475853208315452098,1475853208317015886
986,1475853208515449047,1475853208516994953
987,1475853208715449094,1475853208716953039
988,1475853208915448904,1475853208916971921
989,1475853209115449905,1475853209116978883
990,1475853209315455913,1475853209317091941
991,1475853209515480995,1475853209517093896
992,1475853209715466022,1475853209716983079
993,1475853209915452003,1475853209917234897
994,1475853210115451097,1475853210117017984
995,1475853210315457105,1475853210317002058
996,1475853210515449047,1475853210516972064
997,1475853210715447902,1475853210716941118
998,1475853210915451049,1475853210916985988
999,1475853211115451097,1475853211116976022
