0,1475853479142122030,1475853479143816947
1,1475853479152240037,1475853479153706073
2,1475853479162152051,1475853479163503885
3,1475853479172143936,1475853479173268079
4,1475853479182143926,1475853479183363914
5,1475853479192142963,1475853479193317890
6,1475853479202174901,1475853479203474044
7,1475853479212155103,1475853479213363885
8,1475853479222145080,1475853479223325014
9,1475853479232141017,1475853479233309030
10,1475853479242144107,1475853479243324041
11,1475853479252146959,1475853479253362894
12,1475853479262145996,1475853479263267993
13,1475853479272141933,1475853479273310899
14,1475853479282143115,1475853479283312082
15,1475853479292140960,1475853479293190956
16,1475853479302215099,1475853479303349971
17,1475853479312170028,1475853479313380002
18,1475853479322144031,1475853479323335886
19,1475853479332146883,1475853479333348989
20,1475853479342143058,1475853479343318939
21,1475853479352143049,1475853479353312969
22,1475853479362138986,1475853479363317966
23,1475853479372139930,1475853479373316049
24,1475853479382142066,1475853479383318901
25,1475853479392141103,1475853479393321990
26,1475853479402206897,1475853479403554916
27,1475853479412161111,1475853479413352966
28,1475853479422147989,1475853479423156976
29,1475853479432143926,1475853479433326959
30,1475853479442138910,1475853479443314075
31,1475853479452136993,1475853479453304052
32,1475853479462141036,1475853479463299989
33,1475853479472140073,1475853479473301887
34,1475853479482140064,1475853479483310937
35,1475853479492139101,1475853479493309020
36,1475853479502140998,1475853479503298997
37,1475853479512137889,1475853479513300895
38,1475853479522140979,1475853479523334980
39,1475853479532140970,1475853479533314943
40,1475853479542140007,1475853479543303012
41,1475853479552140951,1475853479553304910
42,1475853479562139987,1475853479563215017
43,1475853479572139024,1475853479573307037
44,1475853479582140922,1475853479583301067
45,1475853479592135906,1475853479593317031
46,1475853479602138996,1475853479603310108
47,1475853479612139940,1475853479613321065
48,1475853479622140884,1475853479623315095
49,1475853479632139921,1475853479633316040
50,1475853479642139911,1475853479643307924
51,1475853479652142047,1475853479653311014
52,1475853479662143945,1475853479663304090
53,1475853479672141075,1475853479673302888
54,1475853479682137012,1475853479683326959
55,1475853479692141056,1475853479693325996
56,1475853479702146053,1475853479703334093
57,1475853479712146997,1475853479713309049
58,1475853479722140073,1475853479723304033
59,1475853479732142925,1475853479733325004
60,1475853479742141962,1475853479743318080
61,1475853479752142906,1475853479753324985
62,1475853479762145042,1475853479763314962
63,1475853479772142887,1475853479773314952
64,1475853479782140970,1475853479783308029
65,1475853479792141914,1475853479793315887
66,1475853479802139043,1475853479803311109
67,1475853479812143087,1475853479813314914
68,1475853479822143077,1475853479823311090
69,1475853479832139968,1475853479833317995
70,1475853479842140913,1475853479843281984
71,1475853479852139949,1475853479853318929
72,1475853479862143039,1475853479863320112
73,1475853479872139930,1475853479873327016
74,1475853479882139921,1475853479883322954
75,1475853479892139911,1475853479893347978
76,1475853479902141094,1475853479903326034
77,1475853479912139892,1475853479913321018
78,1475853479922141075,1475853479923327922
79,1475853479932141065,1475853479933332920
80,1475853479942140102,1475853479943332910
81,1475853479952137947,1475853479953327894
82,1475853479962141990,1475853479963332891
83,1475853479972138881,1475853479973335981
84,1475853479982141017,1475853479983335971
85,1475853479992137908,1475853479993335962
86,1475853480002139091,1475853480003281116
87,1475853480012142896,1475853480013341903
88,1475853480022142887,1475853480023344993
89,1475853480032140016,1475853480033349037
90,1475853480042141914,1475853480043307065
91,1475853480052141904,1475853480053168058
92,1475853480062148094,1475853480063344955
93,1475853480072139978,1475853480073303937
94,1475853480082139015,1475853480083282947
95,1475853480092142105,1475853480093322992
96,1475853480102152109,1475853480103358030
97,1475853480112144947,1475853480113325119
98,1475853480122143983,1475853480123373031
99,1475853480132142066,1475853480133289098
100,1475853480142143011,1475853480143312931
101,1475853480152139902,1475853480153305053
102,1475853480162139892,1475853480163294076
103,1475853480172138929,1475853480173321962
104,1475853480182140111,1475853480183307886
105,1475853480192141056,1475853480193310976
106,1475853480202138900,1475853480203316926
107,1475853480212141990,1475853480213299036
108,1475853480222141027,1475853480223304986
109,1475853480232137918,1475853480233314037
110,1475853480242137908,1475853480243315935
111,1475853480252146959,1475853480253324031
112,1475853480262140989,1475853480263339996
113,1475853480272140026,1475853480273313045
114,1475853480282134056,1475853480283308029
115,1475853480292136907,1475853480293308973
116,1475853480302143096,1475853480303308010
117,1475853480312140941,1475853480313184976
118,1475853480322145938,1475853480323309898
119,1475853480332140922,1475853480333317995
120,1475853480342140913,1475853480343311071
121,1475853480352142095,1475853480353315114
122,1475853480362138986,1475853480363312005
123,1475853480372142076,1475853480373315095
124,1475853480382142066,1475853480383234977
125,1475853480392141103,1475853480393320083
126,1475853480402139902,1475853480403301954
127,1475853480412139892,1475853480413322925
128,1475853480422142028,1475853480423305034
129,1475853480432140111,1475853480433304071
130,1475853480442140102,1475853480443293094
131,1475853480452142953,1475853480453283071
132,1475853480462140083,1475853480463304996
133,1475853480472140073,1475853480473309040
134,1475853480482141017,1475853480483330011
135,1475853480492139101,1475853480493303060
136,1475853480502140045,1475853480503294944
137,1475853480512140989,1475853480513313055
138,1475853480522140026,1475853480523299932
139,1475853480532135963,1475853480533287048
140,1475853480542139053,1475853480543306112
141,1475853480552139043,1475853480553299903
142,1475853480562139987,1475853480563302040
143,1475853480572139978,1475853480573292970
144,1475853480582143068,1475853480583318948
145,1475853480592140913,1475853480593317985
146,1475853480602142095,1475853480603310108
147,1475853480612139940,1475853480613306999
148,1475853480622140884,1475853480623305082
149,1475853480632142066,1475853480633296966
150,1475853480642139911,1475853480643229961
151,1475853480652142047,1475853480653315067
152,1475853480662142038,1475853480663305044
153,1475853480672142028,1475853480673319101
154,1475853480682143926,1475853480683325052
155,1475853480692141056,1475853480693306922
156,1475853480702143907,1475853480703329086
157,1475853480712141990,1475853480713316917
158,1475853480722141027,1475853480723335027
159,1475853480732142925,1475853480733320951
160,1475853480742142915,1475853480743313074
161,1475853480752141952,1475853480753323078
162,1475853480762142896,1475853480763329029
163,1475853480772142887,1475853480773319005
164,1475853480782143115,1475853480783315896
165,1475853480792144060,1475853480793317079
166,1475853480802141904,1475853480803318023
167,1475853480812141895,1475853480813318967
168,1475853480822137117,1475853480823311090
169,1475853480832138061,1475853480833326101
170,1475853480842140913,1475853480843322992
171,1475853480852142095,1475853480853322029
172,1475853480862140893,1475853480863325119
173,1475853480872140884,1475853480873318910
174,1475853480882139921,1475853480883326053
175,1475853480892142057,1475853480893346071
176,1475853480902141094,1475853480903172016
177,1475853480912146091,1475853480913333892
178,1475853480922141075,1475853480923326015
179,1475853480932142019,1475853480933332920
180,1475853480942141056,1475853480943334102
181,1475853480952142000,1475853480953336000
182,1475853480962141036,1475853480963241100
183,1475853480972141981,1475853480973337888
184,1475853480982141017,1475853480983340978
185,1475853480992137908,1475853480993341922
186,1475853481002140998,1475853481003338098
187,1475853481012140989,1475853481013319969
188,1475853481022140026,1475853481023299932
189,1475853481032145977,1475853481033359050
190,1475853481042143106,1475853481043251037
191,1475853481052140951,1475853481053308963
192,1475853481062139987,1475853481063299894
193,1475853481072144031,1475853481073301076
194,1475853481082140922,1475853481083302974
195,1475853481092142105,1475853481093323945
196,1475853481102140903,1475853481103306055
197,1475853481112137079,1475853481113291025
198,1475853481122140884,1475853481123332977
199,1475853481132142066,1475853481133322000
200,1475853481142141103,1475853481143299102
201,1475853481152139902,1475853481153306007
202,1475853481162139892,1475853481163269996
203,1475853481172139883,1475853481173304080
204,1475853481182140111,1475853481183307886
205,1475853481192137956,1475853481193304061
206,1475853481202142000,1475853481203310966
207,1475853481212138891,1475853481213332891
208,1475853481222141027,1475853481223311901
209,1475853481232140064,1475853481233331918
210,1475853481242137908,1475853481243289947
211,1475853481252141952,1475853481253319978
212,1475853481262142896,1475853481263331890
213,1475853481272141933,1475853481273308992
214,1475853481282140970,1475853481283222913
215,1475853481292140960,1475853481293308019
216,1475853481302139997,1475853481303220987
217,1475853481312139987,1475853481313308954
218,1475853481322139978,1475853481323309898
219,1475853481332139968,1475853481333311080
220,1475853481342138051,1475853481343316078
221,1475853481352138996,1475853481353292942
222,1475853481362139940,1475853481363317012
223,1475853481372138977,1475853481373296976
224,1475853481382142066,1475853481383220911
225,1475853481392138004,1475853481393320083
226,1475853481402137994,1475853481403278112
227,1475853481412136077,1475853481413299083
228,1475853481422138929,1475853481423295021
229,1475853481432141065,1475853481433307886
230,1475853481442140102,1475853481443305969
231,1475853481452141046,1475853481453305959
232,1475853481462140083,1475853481463299036
233,1475853481472141027,1475853481473301887
234,1475853481482137918,1475853481483287096
235,1475853481492140054,1475853481493174076
236,1475853481502146959,1475853481503307104
237,1475853481512140989,1475853481513309955
238,1475853481522140979,1475853481523303031
239,1475853481532140970,1475853481533317089
240,1475853481542139053,1475853481543298959
241,1475853481552139997,1475853481553298950
242,1475853481562139987,1475853481563301086
243,1475853481572140932,1475853481573302984
244,1475853481582142114,1475853481583309888
245,1475853481592140913,1475853481593302011
246,1475853481602138996,1475853481603311061
247,1475853481612139940,1475853481613305091
248,1475853481622138977,1475853481623322010
249,1475853481632148027,1475853481633347034
250,1475853481642139911,1475853481643302917
251,1475853481652139902,1475853481653307914
252,1475853481662144899,1475853481663309097
253,1475853481672142028,1475853481673082113
254,1475853481682145118,1475853481683324098
255,1475853481692138910,1475853481693309068
256,1475853481702142000,1475853481703320980
257,1475853481712141990,1475853481713311910
258,1475853481722140073,1475853481723304986
259,1475853481732141017,1475853481733325958
260,1475853481742141008,1475853481743323087
261,1475853481752142906,1475853481753252029
262,1475853481762144088,1475853481763324975
263,1475853481772142887,1475853481773319959
264,1475853481782140016,1475853481783348083
265,1475853481792141914,1475853481793325901
266,1475853481802139997,1475853481803313970
267,1475853481812139034,1475853481813323974
268,1475853481822140932,1475853481823318004
269,1475853481832140922,1475853481833327054
270,1475853481842139959,1475853481843327045
271,1475853481852143049,1475853481853326082
272,1475853481862140893,1475853481863325119
273,1475853481872142076,1475853481873294115
274,1475853481882142066,1475853481883332967
275,1475853481892139911,1475853481893363952
276,1475853481902139902,1475853481903335094
277,1475853481912138938,1475853481913335084
278,1475853481922142982,1475853481923335075
279,1475853481932142019,1475853481933305025
280,1475853481942140102,1475853481943340063
281,1475853481952140092,1475853481953341960
282,1475853481962148904,1475853481963321924
283,1475853481972146034,1475853481973340988
284,1475853481982141971,1475853481983345985
285,1475853481992142915,1475853481993343114
286,1475853482002140998,1475853482003318071
287,1475853482012141942,1475853482013351917
288,1475853482022142887,1475853482023350000
289,1475853482032143115,1475853482033354997
290,1475853482042140960,1475853482043282985
291,1475853482052143096,1475853482053308010
292,1475853482062140941,1475853482063302040
293,1475853482072141885,1475853482073309898
294,1475853482082140922,1475853482083307981
295,1475853482092139005,1475853482093321084
296,1475853482102140903,1475853482103307008
297,1475853482112140893,1475853482113305091
298,1475853482122144937,1475853482123367071
299,1475853482132141113,1475853482133318901
300,1475853482142141103,1475853482143306016
301,1475853482152141094,1475853482153311967
302,1475853482162143945,1475853482163322925
303,1475853482172142028,1475853482173309087
304,1475853482182142019,1475853482183312892
305,1475853482192141056,1475853482193288087
306,1475853482202143907,1475853482203326940
307,1475853482212145090,1475853482213321924
308,1475853482222141027,1475853482223305940
309,1475853482232141017,1475853482233321905
310,1475853482242137908,1475853482243319034
311,1475853482252140045,1475853482253315925
312,1475853482262145042,1475853482263333082
313,1475853482272140979,1475853482273309946
314,1475853482282139062,1475853482283315896
315,1475853482292140960,1475853482293317079
316,1475853482302139997,1475853482303308963
317,1475853482312139987,1475853482313308000
318,1475853482322143077,1475853482323313951
319,1475853482332144021,1475853482333331108
320,1475853482342140913,1475853482343314886
321,1475853482352142095,1475853482353316068
322,1475853482362142086,1475853482363315105
323,1475853482372139930,1475853482373317003
324,1475853482382138967,1475853482383306026
325,1475853482392138957,1475853482393320083
326,1475853482402143001,1475853482403301954
327,1475853482412141084,1475853482413301944
328,1475853482422141075,1475853482423305988
329,1475853482432141065,1475853482433324098
330,1475853482442141056,1475853482443222999
331,1475853482452140092,1475853482453305959
332,1475853482462141990,1475853482463301897
333,1475853482472141981,1475853482473330974
334,1475853482482142925,1475853482483316898
335,1475853482492136001,1475853482493297100
336,1475853482502139091,1475853482503293991
337,1475853482512142896,1475853482513309001
338,1475853482522140026,1475853482523299932
339,1475853482532145023,1475853482533339977
340,1475853482542140960,1475853482543308019
341,1475853482552141904,1475853482553307056
342,1475853482562139987,1475853482563292980
343,1475853482572141885,1475853482573316097
344,1475853482582139968,1475853482583302021
345,1475853482592140913,1475853482593350887
346,1475853482602143049,1475853482603305101
347,1475853482612140893,1475853482613308906
348,1475853482622139930,1475853482623334884
349,1475853482632138967,1475853482633306026
350,1475853482642139911,1475853482643309116
351,1475853482652142047,1475853482653311967
352,1475853482662142038,1475853482663311004
353,1475853482672138929,1475853482673307895
354,1475853482682140111,1475853482683310985
355,1475853482692142009,1475853482693312883
356,1475853482702142000,1475853482703321933
357,1475853482712141990,1475853482713315010
358,1475853482722138881,1475853482723320007
359,1475853482732142925,1475853482733325958
360,1475853482742141008,1475853482743320941
361,1475853482752141952,1475853482753340959
362,1475853482762255907,1475853482763984918
363,1475853482772361993,1475853482774079084
364,1475853482782414913,1475853482783858060
365,1475853482792459964,1475853482794145107
366,1475853482802416086,1475853482804094076
367,1475853482812410116,1475853482813766956
368,1475853482822413921,1475853482824088096
369,1475853482832406044,1475853482834074020
370,1475853482842401027,1475853482844090938
371,1475853482852411985,1475853482854161977
372,1475853482862471103,1475853482864152908
373,1475853482872414112,1475853482874092102
374,1475853482882405996,1475853482884094953
375,1475853482892415046,1475853482894156932
376,1475853482902415990,1475853482904100894
377,1475853482912412881,1475853482914098024
378,1475853482922405958,1475853482924098968
379,1475853482932409048,1475853482934098958
380,1475853482942398071,1475853482944073915
381,1475853482952409029,1475853482954157114
382,1475853482962475061,1475853482964159965
383,1475853482972409963,1475853482974107980
384,1475853482982409000,1475853482984112977
385,1475853482992412090,1475853482994075059
386,1475853483002409934,1475853483004105091
387,1475853483012402057,1475853483014075040
388,1475853483022411108,1475853483024111032
389,1475853483032409906,1475853483034140110
390,1475853483042399883,1475853483043746948
391,1475853483052417993,1475853483054168939
392,1475853483062470912,1475853483063851118
393,1475853483072385072,1475853483073667049
394,1475853483082415103,1475853483084121942
395,1475853483092407941,1475853483094124078
396,1475853483102411985,1475853483104124069
397,1475853483112411022,1475853483114073038
398,1475853483122409105,1475853483123948097
399,1475853483132462024,1475853483134131908
400,1475853483142410039,1475853483144073009
401,1475853483152411937,1475853483154194116
402,1475853483162471055,1475853483164211988
403,1475853483172410964,1475853483174135923
404,1475853483182413101,1475853483184129953
405,1475853483192411899,1475853483194142103
406,1475853483202409029,1475853483204139947
407,1475853483212414979,1475853483214135885
408,1475853483222412109,1475853483224139928
409,1475853483232409000,1475853483234045028
410,1475853483242408990,1475853483244074106
411,1475853483252419948,1475853483254195928
412,1475853483262469053,1475853483264149904
413,1475853483272413969,1475853483274061918
414,1475853483282398939,1475853483284044027
415,1475853483292408943,1475853483294054985
416,1475853483302412033,1475853483304058074
417,1475853483312407970,1475853483314054012
418,1475853483322413921,1475853483324048042
419,1475853483332395076,1475853483333945989
420,1475853483342469930,1475853483344110965
421,1475853483352406978,1475853483353746891
422,1475853483362478971,1475853483364120006
423,1475853483372400045,1475853483374048948
424,1475853483382409095,1475853483384052991
425,1475853483392407894,1475853483394051074
426,1475853483402407884,1475853483403753042
427,1475853483412415027,1475853483414107084
428,1475853483422403097,1475853483424046039
429,1475853483432403087,1475853483434056043
430,1475853483442405939,1475853483444041967
431,1475853483452410936,1475853483454143047
432,1475853483462472915,1475853483464131116
433,1475853483472412109,1475853483474052906
434,1475853483482403993,1475853483484045982
435,1475853483492407083,1475853483494092941
436,1475853483502407073,1475853483504050970
437,1475853483512409925,1475853483514060020
438,1475853483522404909,1475853483523751974
439,1475853483532408952,1475853483533771991
440,1475853483542416095,1475853483544069051
441,1475853483552412986,1475853483554146051
442,1475853483562489032,1475853483564161062
443,1475853483572410106,1475853483573728084
444,1475853483582415103,1475853483583753108
445,1475853483592408895,1475853483593755960
446,1475853483602402925,1475853483604073047
447,1475853483612399101,1475853483614064931
448,1475853483622414112,1475853483624064922
449,1475853483632407903,1475853483633737087
450,1475853483642414093,1475853483643739938
451,1475853483652410030,1475853483653747081
452,1475853483662477970,1475853483663804054
453,1475853483672369003,1475853483674050092
454,1475853483682409048,1475853483684072017
455,1475853483692409038,1475853483694082021
456,1475853483702413082,1475853483704121112
457,1475853483712414979,1475853483714075088
458,1475853483722400903,1475853483724078893
459,1475853483732448101,1475853483734169960
460,1475853483742441892,1475853483743927001
461,1475853483752393960,1475853483753772974
462,1475853483762489080,1475853483764183998
463,1475853483772425889,1475853483773756980
464,1475853483782407045,1475853483783768892
465,1475853483792412042,1475853483794058084
466,1475853483802407979,1475853483804058074
467,1475853483812411069,1475853483814043045
468,1475853483822412967,1475853483824109077
469,1475853483832421064,1475853483834074020
470,1475853483842410087,1475853483844064950
471,1475853483852411985,1475853483854146003
472,1475853483862478017,1475853483864145994
473,1475853483872410058,1475853483874058961
474,1475853483882411956,1475853483884062051
475,1475853483892407894,1475853483894094944
476,1475853483902405977,1475853483904057979
477,1475853483912403106,1475853483914051055
478,1475853483922409057,1475853483924050092
479,1475853483932406902,1475853483934053897
480,1475853483942414045,1475853483944108009
481,1475853483952409029,1475853483954140901
482,1475853483962476968,1475853483964123964
483,1475853483972408056,1475853483974055051
484,1475853483982414007,1475853483984056949
485,1475853483992408990,1475853483993737936
486,1475853484002418994,1475853484004065036
487,1475853484012398958,1475853484014067888
488,1475853484022408008,1475853484024064064
489,1475853484032423019,1475853484034087896
490,1475853484042398929,1475853484044058084
491,1475853484052412986,1475853484054126977
492,1475853484062470912,1475853484064138889
493,1475853484072412014,1475853484074120998
494,1475853484082408905,1475853484084073066
495,1475853484092411994,1475853484094106912
496,1475853484102411031,1475853484104055881
497,1475853484112401962,1475853484114043951
498,1475853484122405052,1475853484124059915
499,1475853484132414102,1475853484134076118
500,1475853484142410993,1475853484144059896
501,1475853484152410030,1475853484153911113
502,1475853484162475109,1475853484163817882
503,1475853484172369003,1475853484173710107
504,1475853484182418107,1475853484184057950
505,1475853484192399978,1475853484194065093
506,1475853484202406883,1475853484204101085
507,1475853484212405920,1475853484213918924
508,1475853484222467899,1475853484224267959
509,1475853484232398033,1475853484234078884
510,1475853484242408037,1475853484244081020
511,1475853484252404928,1475853484254159927
512,1475853484262469053,1475853484264147996
513,1475853484272411108,1475853484274065971
514,1475853484282407999,1475853484284104108
515,1475853484292418003,1475853484294075012
516,1475853484302413940,1475853484304056882
517,1475853484312405109,1475853484313906908
518,1475853484322465896,1475853484324105024
519,1475853484332401990,1475853484334042072
520,1475853484342406988,1475853484344049930
521,1475853484352407932,1475853484354130029
522,1475853484362467050,1475853484364120006
523,1475853484372414112,1475853484374054908
524,1475853484382409095,1475853484384046077
525,1475853484392405986,1475853484394089937
526,1475853484402405977,1475853484404057979
527,1475853484412405967,1475853484414045095
528,1475853484422410964,1475853484424050092
529,1475853484432406902,1475853484434051036
530,1475853484442409038,1475853484444050073
531,1475853484452406883,1475853484454153060
532,1475853484462472915,1475853484464112997
533,1475853484472412109,1475853484474061965
534,1475853484482400894,1475853484484050989
535,1475853484492407083,1475853484494057893
536,1475853484502404928,1475853484504029035
537,1475853484512393951,1475853484513719081
538,1475853484522409915,1475853484523725032
539,1475853484532407999,1475853484534066915
540,1475853484542417049,1475853484544076919
541,1475853484552421092,1475853484554156064
542,1475853484562474966,1475853484564131021
543,1475853484572412967,1475853484574103116
544,1475853484582410097,1475853484584081888
545,1475853484592401981,1475853484594074010
546,1475853484602405071,1475853484604070901
547,1475853484612453937,1475853484614111900
548,1475853484622404098,1475853484624110937
549,1475853484632410049,1475853484634074926
550,1475853484642400979,1475853484644045114
551,1475853484652399063,1475853484654159069
552,1475853484662472963,1475853484664144992
553,1475853484672413110,1475853484674077033
554,1475853484682408094,1475853484684079885
555,1475853484692403078,1475853484694047927
556,1475853484702406883,1475853484704083919
557,1475853484712413072,1475853484714066028
558,1475853484722407102,1475853484724098920
559,1475853484732455968,1475853484734148979
560,1475853484742404937,1475853484744045972
561,1475853484752403020,1475853484753978967
562,1475853484762523889,1475853484763971090
563,1475853484772360086,1475853484773709058
564,1475853484782427072,1475853484784066915
565,1475853484792406082,1475853484794064998
566,1475853484802402019,1475853484804061889
567,1475853484812418937,1475853484814070940
568,1475853484822413921,1475853484823736906
569,1475853484832412004,1475853484834063053
570,1475853484842408895,1475853484844064950
571,1475853484852404117,1475853484853923082
572,1475853484862479925,1475853484863960027
573,1475853484872468948,1475853484874124050
574,1475853484882411003,1475853484884066104
575,1475853484892410039,1475853484894112110
576,1475853484902398109,1475853484904050111
577,1475853484912405014,1475853484914050102
578,1475853484922408103,1475853484924073934
579,1475853484932410001,1475853484934051036
580,1475853484942409038,1475853484944065093
581,1475853484952409029,1475853484954119920
582,1475853484962471961,1475853484964112997
583,1475853484972410917,1475853484974067926
584,1475853484982414007,1475853484984071969
585,1475853484992407083,1475853484994065046
586,1475853485002403020,1475853485004034996
587,1475853485012404918,1475853485014066934
588,1475853485022414922,1475853485024090051
589,1475853485032407999,1475853485034070014
590,1475853485042413949,1475853485044065952
591,1475853485052411079,1475853485053764104
592,1475853485062479019,1475853485064153909
593,1475853485072421073,1475853485074078083
594,1475853485082401990,1475853485084014892
595,1475853485092400074,1475853485094058990
596,1475853485102416038,1475853485104072093
597,1475853485112407922,1475853485114048957
598,1475853485122411966,1475853485124100923
599,1475853485132406949,1475853485133924007
600,1475853485142462015,1475853485144105911
601,1475853485152410030,1475853485154139041
602,1475853485162472009,1475853485163806915
603,1475853485172369956,1475853485174020051
604,1475853485182408094,1475853485184087991
605,1475853485192406892,1475853485194056987
606,1475853485202409029,1475853485204072952
607,1475853485212410926,1475853485214060068
608,1475853485222410917,1475853485224065065
609,1475853485232409000,1475853485234071016
610,1475853485242400884,1475853485244076967
611,1475853485252417087,1475853485254163980
612,1475853485262471914,1475853485264158964
613,1475853485272413015,1475853485274065971
614,1475853485282407999,1475853485284048080
615,1475853485292406082,1475853485294068098
616,1475853485302413940,1475853485304045915
617,1475853485312402963,1475853485314050912
618,1475853485322405099,1475853485324059963
619,1475853485332415103,1475853485334069967
620,1475853485342405080,1475853485344033002
621,1475853485352401018,1475853485354110002
622,1475853485362468957,1475853485364175081
623,1475853485372410058,1475853485374057054
624,1475853485382407903,1475853485384052991
625,1475853485392400979,1475853485394045114
626,1475853485402401924,1475853485404048919
627,1475853485412405014,1475853485414047956
628,1475853485422406911,1475853485424052000
629,1475853485432408094,1475853485434051990
630,1475853485442399024,1475853485444052934
631,1475853485452408075,1475853485454124927
632,1475853485462474107,1475853485464139938
633,1475853485472408056,1475853485474092006
634,1475853485482409000,1475853485484056949
635,1475853485492398023,1475853485494030952
636,1475853485502398014,1475853485503722906
637,1475853485512403964,1475853485513736009
638,1475853485522406101,1475853485523778915
639,1475853485532418012,1475853485534086942
640,1475853485542412042,1475853485544070005
641,1475853485552411079,1475853485554141998
642,1475853485562470912,1475853485564127922
643,1475853485572405099,1475853485574079036
644,1475853485582412004,1475853485583739995
645,1475853485592422962,1475853485593789100
646,1475853485602408885,1475853485603749990
647,1475853485612411022,1475853485613735914
648,1475853485622414112,1475853485623862028
649,1475853485632412910,1475853485633742094
650,1475853485642412900,1475853485643740892
651,1475853485652414083,1475853485654156923
652,1475853485662476062,1475853485664120912
653,1475853485672410964,1475853485674048900
654,1475853485682404041,1475853485684096097
655,1475853485692414999,1475853485693788051
656,1475853485702419996,1475853485703792095
657,1475853485712412118,1475853485714076995
658,1475853485722405910,1475853485724106073
659,1475853485732453107,1475853485734098911
660,1475853485742413043,1475853485744055986
661,1475853485752413034,1475853485754162073
662,1475853485762470006,1475853485764137983
663,1475853485772413969,1475853485774056911
664,1475853485782402992,1475853485784039974
665,1475853485792412042,1475853485794058084
666,1475853485802406072,1475853485804059982
667,1475853485812408924,1475853485814110994
668,1475853485822407007,1475853485824039936
669,1475853485832401990,1475853485834050893
670,1475853485842407941,1475853485844067096
671,1475853485852421045,1475853485854145050
672,1475853485862468004,1475853485864109992
673,1475853485872402906,1475853485874043941
674,1475853485882396936,1475853485884044885
675,1475853485892409086,1475853485894082069
676,1475853485902409076,1475853485903738021
677,1475853485912419080,1475853485914068937
678,1475853485922410964,1475853485924042940
679,1475853485932399988,1475853485934053897
680,1475853485942409992,1475853485944062948
681,1475853485952409982,1475853485954123020
682,1475853485962470054,1475853485964128017
683,1475853485972409009,1475853485974097967
684,1475853485982400894,1475853485984054088
685,1475853485992405891,1475853485994055986
686,1475853486002409934,1475853486004034042
687,1475853486012398004,1475853486014061927
688,1475853486022413015,1475853486023907899
689,1475853486032455921,1475853486034110069
690,1475853486042409896,1475853486044068098
691,1475853486052412033,1475853486054174900
692,1475853486062472105,1475853486063795089
693,1475853486072371006,1475853486074029922
694,1475853486082410097,1475853486084100961
695,1475853486092408895,1475853486094073057
696,1475853486102411031,1475853486104075908
697,1475853486112416982,1475853486114075899
698,1475853486122412919,1475853486124202013
699,1475853486132415056,1475853486134098052
700,1475853486142402887,1475853486144073963
701,1475853486152416944,1475853486154159069
702,1475853486162476062,1475853486164148092
703,1475853486172421932,1475853486174093008
704,1475853486182413101,1475853486183737039
705,1475853486192414999,1475853486194062948
706,1475853486202409982,1475853486204096078
707,1475853486212419033,1475853486214061021
708,1475853486222404003,1475853486224025964
709,1475853486232409954,1475853486234057903
710,1475853486242408990,1475853486244080066
711,1475853486252410888,1475853486254134893
712,1475853486262465000,1475853486264178991
713,1475853486272408008,1475853486273942947
714,1475853486282464981,1475853486284116983
715,1475853486292402982,1475853486294047117
716,1475853486302412033,1475853486304398059
717,1475853486312419891,1475853486314167976
718,1475853486322417020,1475853486324071884
719,1475853486332406997,1475853486334079980
720,1475853486342410087,1475853486344091892
721,1475853486352412939,1475853486354144096
722,1475853486362476110,1475853486364130020
723,1475853486372419118,1475853486374051094
724,1475853486382411956,1475853486384053945
725,1475853486392410039,1475853486394058942
726,1475853486402410030,1475853486404057025
727,1475853486412410974,1475853486414052963
728,1475853486422399044,1475853486423748016
729,1475853486432353019,1475853486433985948
730,1475853486442408084,1475853486444062948
731,1475853486452410936,1475853486454127073
732,1475853486462472915,1475853486464129924
733,1475853486472409009,1475853486474056005
734,1475853486482407093,1475853486484062910
735,1475853486492408990,1475853486493742942
736,1475853486502413988,1475853486504116058
737,1475853486512403011,1475853486514065027
738,1475853486522402048,1475853486523731946
739,1475853486532412052,1475853486534071922
740,1475853486542398929,1475853486544042110
741,1475853486552403926,1475853486553981065
742,1475853486562526941,1475853486563891887
743,1475853486572357892,1475853486573676109
744,1475853486582418918,1475853486584120988
745,1475853486592406988,1475853486594223022
746,1475853486602407932,1475853486603739976
747,1475853486612412929,1475853486613774061
748,1475853486622416019,1475853486624186992
749,1475853486632419109,1475853486633796930
750,1475853486642415046,1475853486643740892
751,1475853486652417898,1475853486653753042
752,1475853486662475109,1475853486664117097
753,1475853486672400951,1475853486674053907
754,1475853486682409048,1475853486684061050
755,1475853486692401885,1475853486694051980
756,1475853486702402114,1475853486704195976
757,1475853486712415933,1475853486714127063
758,1475853486722415924,1475853486724127054
759,1475853486732454061,1475853486733779907
760,1475853486742368936,1475853486744029998
761,1475853486752412080,1475853486754163980
762,1475853486762465953,1475853486764152050
763,1475853486772414922,1475853486774060010
764,1475853486782409906,1475853486784059047
765,1475853486792408943,1475853486794054031
766,1475853486802408933,1475853486804059982
767,1475853486812407970,1475853486814034938
768,1475853486822406053,1475853486824064016
769,1475853486832420110,1475853486834064006
770,1475853486842407941,1475853486844088077
771,1475853486852405071,1475853486854150056
772,1475853486862468004,1475853486864110946
773,1475853486872416019,1475853486874058961
774,1475853486882409095,1475853486884048938
775,1475853486892405986,1475853486894083023
776,1475853486902405023,1475853486904051065
777,1475853486912401914,1475853486913927078
778,1475853486922461986,1475853486923773050
779,1475853486932365894,1475853486934004068
780,1475853486942409038,1475853486944051980
781,1475853486952408075,1475853486954169034
782,1475853486962465047,1475853486964126110
783,1475853486972413063,1475853486974055051
784,1475853486982410907,1475853486984061956
785,1475853486992410898,1475853486994059085
786,1475853487002403974,1475853487004054069
787,1475853487012402057,1475853487014058113
788,1475853487022416114,1475853487023731946
789,1475853487032412052,1475853487034090995
790,1475853487042412996,1475853487043767929
791,1475853487052366971,1475853487054076910
792,1475853487062458992,1475853487064102888
793,1475853487072403907,1475853487074045896
794,1475853487082410097,1475853487084075927
795,1475853487092422008,1475853487094073057
796,1475853487102408885,1475853487104085922
797,1475853487112411975,1475853487114054918
798,1475853487122411012,1475853487124056100
799,1475853487132412910,1475853487134115934
800,1475853487142405986,1475853487144062995
801,1475853487152401924,1475853487154124021
802,1475853487162476062,1475853487163819074
803,1475853487172378063,1475853487173712015
804,1475853487182414054,1475853487184058904
805,1475853487192403078,1475853487194065093
806,1475853487202400922,1475853487204066991
807,1475853487212410926,1475853487214124917
808,1475853487222413063,1475853487224060058
809,1475853487232412099,1475853487234061956
810,1475853487242408990,1475853487244074106
811,1475853487252409934,1475853487254141092
812,1475853487262470960,1475853487264161109
813,1475853487272404909,1475853487273739099
814,1475853487282413005,1475853487284069061
815,1475853487292402029,1475853487294085979
816,1475853487302405118,1475853487303956031
817,1475853487312468051,1475853487314104080
818,1475853487322400093,1475853487323731899
819,1475853487332417011,1475853487334067106
820,1475853487342406034,1475853487344059944
821,1475853487352413892,1475853487354124069
822,1475853487362474918,1475853487364176988
823,1475853487372412919,1475853487374057054
824,1475853487382405996,1475853487384054899
825,1475853487392406940,1475853487394057989
826,1475853487402398109,1475853487403903007
827,1475853487412467002,1475853487414115905
828,1475853487422404050,1475853487424058914
829,1475853487432404041,1475853487434061050
830,1475853487442405939,1475853487444065093
831,1475853487452406883,1475853487454164981
832,1475853487462476015,1475853487464128971
833,1475853487472409009,1475853487474065065
834,1475853487482408046,1475853487484065055
835,1475853487492408990,1475853487494071006
836,1475853487502403020,1475853487504024028
837,1475853487512398004,1475853487513725996
838,1475853487522408962,1475853487523722887
839,1475853487532404899,1475853487533762931
840,1475853487542412042,1475853487543745994
841,1475853487552417039,1475853487554189920
842,1475853487562484979,1475853487564142942
843,1475853487572410106,1475853487574049949
844,1475853487582408905,1475853487584043025
845,1475853487592411041,1475853487594048976
846,1475853487602410078,1475853487603764057
847,1475853487612421035,1475853487613745927
848,1475853487622447967,1475853487624109029
849,1475853487632409095,1475853487634047031
850,1475853487642407894,1475853487644052982
851,1475853487652409076,1475853487654119968
852,1475853487662470102,1475853487664158105
853,1475853487672414064,1475853487674050092
854,1475853487682403087,1475853487684040069
855,1475853487692409992,1475853487694055080
856,1475853487702404022,1475853487704049110
857,1475853487712410926,1475853487714067935
858,1475853487722404003,1475853487724116086
859,1475853487732456922,1475853487734124898
860,1475853487742410898,1475853487744081020
861,1475853487752398967,1475853487754144906
862,1475853487762468099,1475853487763835906
863,1475853487772372007,1475853487774039030
864,1475853487782407999,1475853487784046888
865,1475853487792402029,1475853487794049024
866,1475853487802397012,1475853487804032087
867,1475853487812407970,1475853487814048051
868,1475853487822408914,1475853487824040889
869,1475853487832397937,1475853487834041118
870,1475853487842406034,1475853487844048023
871,1475853487852406978,1475853487854130983
872,1475853487862471103,1475853487864120960
873,1475853487872421979,1475853487874073982
874,1475853487882405996,1475853487884057044
875,1475853487892402887,1475853487894071102
876,1475853487902410984,1475853487904120922
877,1475853487912412881,1475853487913760900
878,1475853487922406911,1475853487924052000
879,1475853487932411909,1475853487934052944
880,1475853487942405939,1475853487944057941
881,1475853487952409982,1475853487954133987
882,1475853487962470054,1475853487964133977
883,1475853487972413063,1475853487974056005
884,1475853487982407093,1475853487984096050
885,1475853487992403030,1475853487993906021
886,1475853488002465009,1475853488003787994
887,1475853488012366056,1475853488014038085
888,1475853488022409915,1475853488024059057
889,1475853488032408952,1475853488034076929
890,1475853488042412042,1475853488043777942
891,1475853488052351951,1475853488054075956
892,1475853488062472105,1475853488064119100
893,1475853488072407960,1475853488074044942
894,1475853488082406997,1475853488084050893
895,1475853488092410087,1475853488094044923
896,1475853488102412939,1475853488104080915
897,1475853488112406015,1475853488114048957
898,1475853488122405052,1475853488124054908
899,1475853488132417917,1475853488134058952
900,1475853488142410039,1475853488144051074
901,1475853488152411937,1475853488154134035
902,1475853488162476062,1475853488164177894
903,1475853488172408103,1475853488173911094
904,1475853488182462930,1475853488184115886
905,1475853488192409992,1475853488194044113
906,1475853488202410936,1475853488204056024
907,1475853488212409973,1475853488214086055
908,1475853488222414970,1475853488224065065
909,1475853488232409954,1475853488234045982
910,1475853488242407083,1475853488244111061
911,1475853488252408027,1475853488253762960
912,1475853488262474060,1475853488264172077
913,1475853488272412061,1475853488274070024
914,1475853488282399892,1475853488283922910
915,1475853488292465925,1475853488294112920
916,1475853488302408933,1475853488304060935
917,1475853488312414884,1475853488314052104
918,1475853488322405099,1475853488324058055
919,1475853488332406997,1475853488334048986
920,1475853488342410087,1475853488344054937
921,1475853488352408885,1475853488354127883
922,1475853488362473011,1475853488364125013
923,1475853488372409105,1475853488374089956
924,1475853488382406949,1475853488384059906
925,1475853488392419099,1475853488394067049
926,1475853488402407884,1475853488403748989
927,1475853488412411928,1475853488414056062
928,1475853488422399044,1475853488424036026
929,1475853488432404994,1475853488434097051
930,1475853488442409038,1475853488444061040
931,1475853488452408075,1475853488454123973
932,1475853488462471961,1475853488464119911
933,1475853488472409963,1475853488474040031
934,1475853488482407093,1475853488484080076
935,1475853488492414951,1475853488494069099
936,1475853488502410888,1475853488504070043
937,1475853488512398958,1475853488513725042
938,1475853488522413015,1475853488523725986
939,1475853488532413005,1475853488533754110
940,1475853488542412996,1475853488543880939
941,1475853488552510023,1475853488554235935
942,1475853488562463998,1475853488564131021
943,1475853488572412014,1475853488574047088
944,1475853488582411050,1475853488583735942
945,1475853488592417955,1475853488593736886
946,1475853488602407932,1475853488604083061
947,1475853488612407922,1475853488613734006
948,1475853488622411966,1475853488624053001
949,1475853488632410049,1475853488633745908
950,1475853488642415046,1475853488643743038
951,1475853488652422904,1475853488653748035
952,1475853488662476062,1475853488663811922
953,1475853488672368049,1475853488673695087
954,1475853488682403087,1475853488683743953
955,1475853488692409038,1475853488694107055
956,1475853488702409982,1475853488704055070
957,1475853488712409019,1475853488714076042
958,1475853488722402095,1475853488724102020
959,1475853488732455015,1475853488734107017
960,1475853488742408990,1475853488744049072
961,1475853488752409934,1475853488754142045
962,1475853488762468099,1475853488764142036
963,1475853488772413015,1475853488774038076
964,1475853488782408952,1475853488784054040
965,1475853488792408943,1475853488794055938
966,1475853488802408933,1475853488804044008
967,1475853488812408924,1475853488814043998
968,1475853488822405099,1475853488823959112
969,1475853488832462072,1475853488833794116
970,1475853488842364072,1475853488844006061
971,1475853488852406024,1475853488854123115
972,1475853488862464904,1475853488864118099
973,1475853488872409105,1475853488874036073
974,1475853488882412910,1475853488884077072
975,1475853488892409086,1475853488894077062
976,1475853488902409076,1475853488904072046
977,1475853488912417888,1475853488914057016
978,1475853488922406911,1475853488924051046
979,1475853488932410955,1475853488934087991
980,1475853488942408084,1475853488944056034
981,1475853488952409029,1475853488954138994
982,1475853488962467908,1475853488964128971
983,1475853488972407102,1475853488974061012
984,1475853488982413053,1475853488984055042
985,1475853488992408037,1475853488994057893
986,1475853489002413034,1475853489004059076
987,1475853489012399911,1475853489014081954
988,1475853489022412061,1475853489024065017
989,1475853489032409906,1475853489034075021
990,1475853489042402029,1475853489044064044
991,1475853489052398920,1475853489054111003
992,1475853489062473058,1475853489063831090
993,1475853489072370052,1475853489073715925
994,1475853489082413911,1475853489084072113
995,1475853489092408895,1475853489094059944
996,1475853489102412939,1475853489103920936
997,1475853489112459897,1475853489113785982
998,1475853489122355937,1475853489123687982
999,1475853489132421016,1475853489134076118
