0,1475853545481414079,1475853545483800888
1,1475853545481981039,1475853545487418889
2,1475853545482407093,1475853545490281105
3,1475853545482767105,1475853545490389108
4,1475853545483166933,1475853545490957021
5,1475853545483527898,1475853545491020917
6,1475853545484114885,1475853545491079092
7,1475853545484476089,1475853545491312026
8,1475853545484905958,1475853545491620063
9,1475853545485362052,1475853545493451118
10,1475853545485719919,1475853545493974924
11,1475853545486099004,1475853545494046926
12,1475853545486449956,1475853545494107007
13,1475853545486800909,1475853545496026039
14,1475853545487176895,1475853545497812032
15,1475853545487741947,1475853545497881889
16,1475853545488107919,1475853545498635053
17,1475853545488462924,1475853545498703002
18,1475853545488811016,1475853545498759984
19,1475853545489162921,1475853545501054048
20,1475853545489592075,1475853545501296043
21,1475853545489952087,1475853545502329111
22,1475853545492043018,1475853545502399921
23,1475853545492459058,1475853545504719018
24,1475853545492820978,1475853545506258010
25,1475853545493220090,1475853545506369113
26,1475853545494369983,1475853545506431102
27,1475853545494740009,1475853545506491899
28,1475853545495090961,1475853545506551027
29,1475853545495441913,1475853545506608963
30,1475853545495829105,1475853545506666898
31,1475853545496452093,1475853545506726980
32,1475853545496810913,1475853545507761001
33,1475853545497165918,1475853545507827043
34,1475853545497519969,1475853545507958889
35,1475853545498229980,1475853545512602090
36,1475853545499108076,1475853545512690067
37,1475853545499474048,1475853545512752056
38,1475853545499831914,1475853545512850046
39,1475853545500183105,1475853545512968063
40,1475853545500533103,1475853545513027906
41,1475853545500880956,1475853545513087987
42,1475853545501899003,1475853545513147115
43,1475853545502680063,1475853545513205051
44,1475853545503135919,1475853545514595985
45,1475853545503494977,1475853545516872882
46,1475853545503844976,1475853545516943931
47,1475853545504194021,1475853545517004013
48,1475853545504543066,1475853545517062902
49,1475853545505121946,1475853545517121076
50,1475853545505511045,1475853545517180919
51,1475853545507049083,1475853545517240047
52,1475853545508280038,1475853545517297029
53,1475853545508651018,1475853545517534017
54,1475853545509004116,1475853545522109985
55,1475853545509356021,1475853545522367000
56,1475853545509704113,1475853545522981882
57,1475853545510052919,1475853545525645971
58,1475853545510401010,1475853545525907039
59,1475853545510751962,1475853545526267051
60,1475853545511100053,1475853545526330947
61,1475853545511450052,1475853545526390075
62,1475853545511797904,1475853545527720928
63,1475853545512146949,1475853545528827905
64,1475853545512494087,1475853545529377937
65,1475853545513632059,1475853545529444932
66,1475853545513995885,1475853545529505014
67,1475853545514348030,1475853545529565095
68,1475853545514944076,1475853545529623985
69,1475853545515307903,1475853545529685020
70,1475853545515661001,1475853545533344030
71,1475853545516010999,1475853545535511016
72,1475853545516359090,1475853545536005973
73,1475853545517908096,1475853545537169933
74,1475853545518284082,1475853545537237882
75,1475853545518642902,1475853545538568019
76,1475853545519028902,1475853545538645029
77,1475853545519385099,1475853545538705110
78,1475853545519736051,1475853545538764953
79,1475853545520085096,1475853545538825988
80,1475853545520433902,1475853545538885116
81,1475853545520783901,1475853545538943052
82,1475853545521169900,1475853545539000988
83,1475853545521522045,1475853545539061069
84,1475853545521871089,1475853545539117097
85,1475853545523341894,1475853545539175033
86,1475853545523726940,1475853545539235115
87,1475853545524077892,1475853545539290904
88,1475853545524427890,1475853545539345979
89,1475853545524779081,1475853545545545101
90,1475853545525130033,1475853545545618057
91,1475853545525509119,1475853545547014951
92,1475853545526753902,1475853545547080039
93,1475853545527120113,1475853545547138929
94,1475853545527482986,1475853545547199964
95,1475853545528029918,1475853545547862052
96,1475853545528386116,1475853545548585891
97,1475853545529870033,1475853545548660039
98,1475853545530256032,1475853545548721075
99,1475853545530611038,1475853545550266981
100,1475853545531049013,1475853545550328969
101,1475853545531450986,1475853545550389051
102,1475853545531810045,1475853545550447940
103,1475853545532161951,1475853545550509929
104,1475853545532511949,1475853545550568103
105,1475853545532934904,1475853545550626993
106,1475853545533639907,1475853545561619043
107,1475853545533999919,1475853545563045978
108,1475853545534354925,1475853545564589023
109,1475853545534703969,1475853545564666986
110,1475853545535087108,1475853545564727067
111,1475853545535435914,1475853545564815998
112,1475853545536312103,1475853545565224885
113,1475853545536673069,1475853545565287113
114,1475853545537019968,1475853545565864086
115,1475853545537553071,1475853545566098928
116,1475853545539657115,1475853545569988012
117,1475853545540031909,1475853545571625947
118,1475853545540416955,1475853545571696996
119,1475853545540771961,1475853545571754932
120,1475853545541121006,1475853545571814060
121,1475853545541471958,1475853545571875095
122,1475853545541856050,1475853545571932077
123,1475853545542207956,1475853545571989059
124,1475853545542558908,1475853545572046995
125,1475853545542948007,1475853545572108030
126,1475853545543298006,1475853545572321891
127,1475853545543674945,1475853545574058055
128,1475853545544029951,1475853545574312925
129,1475853545544384002,1475853545576329946
130,1475853545544733047,1475853545578304052
131,1475853545545082092,1475853545581746101
132,1475853545545892000,1475853545581988096
133,1475853545546248912,1475853545584326028
134,1475853545546598911,1475853545585151910
135,1475853545546946048,1475853545585419893
136,1475853545548156023,1475853545588248968
137,1475853545548511981,1475853545588656902
138,1475853545549071073,1475853545593581914
139,1475853545549423933,1475853545593684911
140,1475853545549773931,1475853545593769073
141,1475853545550121068,1475853545593875885
142,1475853545550916910,1475853545593934059
143,1475853545551296949,1475853545593993902
144,1475853545551647901,1475853545594053030
145,1475853545551995992,1475853545594136953
146,1475853545552346944,1475853545594214916
147,1475853545552695035,1475853545594485044
148,1475853545553085088,1475853545595012903
149,1475853545553431987,1475853545595078945
150,1475853545553782939,1475853545595535039
151,1475853545554136037,1475853545596220970
152,1475853545554491043,1475853545596291065
153,1475853545554837942,1475853545596914052
154,1475853545555186986,1475853545596985101
155,1475853545555536985,1475853545597044944
156,1475853545557616949,1475853545597105026
157,1475853545558028936,1475853545597163915
158,1475853545558634996,1475853545597223043
159,1475853545559187889,1475853545597423076
160,1475853545559623003,1475853545601388931
161,1475853545559978961,1475853545601614952
162,1475853545560329914,1475853545603327989
163,1475853545560683965,1475853545603400945
164,1475853545561033964,1475853545603458881
165,1475853545561383008,1475853545603518009
166,1475853545562021017,1475853545603578090
167,1475853545562381029,1475853545603667974
168,1475853545562731027,1475853545603750944
169,1475853545563426017,1475853545605782032
170,1475853545563788890,1475853545607270956
171,1475853545564208984,1475853545608007907
172,1475853545565610885,1475853545612204074
173,1475853545566513061,1475853545612276077
174,1475853545566885948,1475853545612339019
175,1475853545567243099,1475853545612395048
176,1475853545567595005,1475853545612453937
177,1475853545567945003,1475853545612525939
178,1475853545568294048,1475853545612790107
179,1475853545568640947,1475853545615516901
180,1475853545568989038,1475853545615587949
181,1475853545569339036,1475853545615645885
182,1475853545569688081,1475853545615705013
183,1475853545570343971,1475853545615767002
184,1475853545570708036,1475853545615823030
185,1475853545571060895,1475853545615879058
186,1475853545572693109,1475853545615937948
187,1475853545573110103,1475853545615998983
188,1475853545573467969,1475853545616055965
189,1475853545573820114,1475853545617659091
190,1475853545574672937,1475853545617837905
191,1475853545575038909,1475853545618163108
192,1475853545575400114,1475853545618228912
193,1475853545575747966,1475853545618288993
194,1475853545576097011,1475853545618376016
195,1475853545576677083,1475853545621531009
196,1475853545577039957,1475853545623368978
197,1475853545577393054,1475853545623537063
198,1475853545577744007,1475853545628257989
199,1475853545578092098,1475853545628333091
200,1475853545578640937,1475853545628393888
201,1475853545578989982,1475853545628454923
202,1475853545579377889,1475853545628550052
203,1475853545579734086,1475853545628638029
204,1475853545580082893,1475853545628761053
205,1475853545580429077,1475853545628839015
206,1475853545580816030,1475853545628900051
207,1475853545581171035,1475853545628993988
208,1475853545581564903,1475853545629054069
209,1475853545582415103,1475853545629112958
210,1475853545582777023,1475853545629172086
211,1475853545583173990,1475853545629231929
212,1475853545583524942,1475853545629291057
213,1475853545583870887,1475853545629349946
214,1475853545584598064,1475853545629407882
215,1475853545584984064,1475853545629467964
216,1475853545585963964,1475853545629523992
217,1475853545586333990,1475853545629581928
218,1475853545586687088,1475853545630665063
219,1475853545587038040,1475853545630762100
220,1475853545587388038,1475853545633563995
221,1475853545587738037,1475853545633631944
222,1475853545588085889,1475853545633692979
223,1475853545589019060,1475853545633970022
224,1475853545589392900,1475853545638221025
225,1475853545589745998,1475853545638288974
226,1475853545590128898,1475853545639177083
227,1475853545590482950,1475853545640399932
228,1475853545590832948,1475853545642827033
229,1475853545591180086,1475853545644440889
230,1475853545591527938,1475853545647082090
231,1475853545591877937,1475853545648942947
232,1475853545592264890,1475853545649194955
233,1475853545592617034,1475853545649998903
234,1475853545593003034,1475853545653168916
235,1475853545595376968,1475853545654849052
236,1475853545595825910,1475853545654918909
237,1475853545597918987,1475853545654979944
238,1475853545598421096,1475853545658541917
239,1475853545598779916,1475853545661894083
240,1475853545599132061,1475853545663491010
241,1475853545599479913,1475853545664923906
242,1475853545599828004,1475853545665040969
243,1475853545600174903,1475853545665122985
244,1475853545600523948,1475853545665180921
245,1475853545600876092,1475853545665271043
246,1475853545601223945,1475853545666496992
247,1475853545602087020,1475853545666574954
248,1475853545602451086,1475853545666632890
249,1475853545602802991,1475853545666692972
250,1475853545604116916,1475853545666750907
251,1475853545604489088,1475853545666810989
252,1475853545604844093,1475853545666870117
253,1475853545605195045,1475853545666928052
254,1475853545605540990,1475853545669409036
255,1475853545606328964,1475853545669485092
256,1475853545606703042,1475853545669548034
257,1475853545607054948,1475853545669606924
258,1475853545607639074,1475853545669667005
259,1475853545608573913,1475853545669725894
260,1475853545608947992,1475853545670061111
261,1475853545609302997,1475853545670167922
262,1475853545609654903,1475853545670228958
263,1475853545610035896,1475853545671308040
264,1475853545610394001,1475853545671574115
265,1475853545610743999,1475853545671977996
266,1475853545611093997,1475853545672658920
267,1475853545611476898,1475853545674814939
268,1475853545611829042,1475853545676120996
269,1475853545613243103,1475853545676422119
270,1475853545613607883,1475853545678020000
271,1475853545613959074,1475853545678318023
272,1475853545614310979,1475853545679260015
273,1475853545614659070,1475853545679330110
274,1475853545616332054,1475853545679389953
275,1475853545616694927,1475853545679449081
276,1475853545617046117,1475853545679510116
277,1475853545617398023,1475853545679569005
278,1475853545618083000,1475853545679626941
279,1475853545618892908,1475853545679685115
280,1475853545619445085,1475853545679898023
281,1475853545619807004,1475853545685306072
282,1475853545620224952,1475853545687201023
283,1475853545620575904,1475853545687273025
284,1475853545620927095,1475853545687335968
285,1475853545621273040,1475853545687396049
286,1475853545621872901,1475853545687454938
287,1475853545622236967,1475853545687514066
288,1475853545622590065,1475853545687575101
289,1475853545622987985,1475853545687633991
290,1475853545623819112,1475853545687691926
291,1475853545624232053,1475853545687751054
292,1475853545624586105,1475853545687810897
293,1475853545624934911,1475853545687870025
294,1475853545625283956,1475853545687927961
295,1475853545625665903,1475853545687987089
296,1475853545626019954,1475853545688323974
297,1475853545626369953,1475853545688445091
298,1475853545626717090,1475853545688522100
299,1475853545627067089,1475853545691390037
300,1475853545629873991,1475853545693072080
301,1475853545630354881,1475853545694868087
302,1475853545631113052,1475853545694937944
303,1475853545631481885,1475853545694994926
304,1475853545631835937,1475853545695055007
305,1475853545632185935,1475853545697628021
306,1475853545632534980,1475853545698715925
307,1475853545632955074,1475853545698784112
308,1475853545633310079,1475853545698843955
309,1475853545634397983,1475853545698905944
310,1475853545634759902,1475853545699229001
311,1475853545635107994,1475853545699290037
312,1475853545635457038,1475853545699421882
313,1475853545635806083,1475853545702361106
314,1475853545636189937,1475853545702430009
315,1475853545636544942,1475853545702490091
316,1475853545636895895,1475853545702549934
317,1475853545637245893,1475853545702610015
318,1475853545637594938,1475853545702668905
319,1475853545637943983,1475853545702728033
320,1475853545638602018,1475853545702786922
321,1475853545638957977,1475853545702847003
322,1475853545639497041,1475853545702950000
323,1475853545639883995,1475853545703008890
324,1475853545640239000,1475853545703068017
325,1475853545640825986,1475853545703128099
326,1475853545641187906,1475853545703183889
327,1475853545641542911,1475853545703243017
328,1475853545641895055,1475853545703303098
329,1475853545642245054,1475853545703358888
330,1475853545642592906,1475853545703413963
331,1475853545643184900,1475853545703471899
332,1475853545643541097,1475853545703532934
333,1475853545643925905,1475853545703588008
334,1475853545644279003,1475853545703645944
335,1475853545644881963,1475853545703704118
336,1475853545645241975,1475853545703793048
337,1475853545645595073,1475853545703876018
338,1475853545645946025,1475853545705620050
339,1475853545646295070,1475853545705838918
340,1475853545646646022,1475853545707876920
341,1475853545647269010,1475853545708093881
342,1475853545647646903,1475853545709100008
343,1475853545648005008,1475853545711044073
344,1475853545648360013,1475853545711365938
345,1475853545648706912,1475853545713818073
346,1475853545649677038,1475853545714066028
347,1475853545650326967,1475853545714755058
348,1475853545650696039,1475853545717564105
349,1475853545651057004,1475853545718350887
350,1475853545651408910,1475853545718419075
351,1475853545651789903,1475853545718480110
352,1475853545652179956,1475853545718710899
353,1475853545652533054,1475853545719732999
354,1475853545652928113,1475853545721028089
355,1475853545653495073,1475853545721986055
356,1475853545653857946,1475853545724404096
357,1475853545654243946,1475853545724766969
358,1475853545654597997,1475853545724836111
359,1475853545655505895,1475853545725341081
360,1475853545655869007,1475853545726243019
361,1475853545656219005,1475853545726844072
362,1475853545656570911,1475853545728481054
363,1475853545656920909,1475853545728754997
364,1475853545657304048,1475853545730560064
365,1475853545657661914,1475853545731156110
366,1475853545658010005,1475853545731256961
367,1475853545658823013,1475853545731318950
368,1475853545659210920,1475853545731378078
369,1475853545659569025,1475853545731466054
370,1475853545659920930,1475853545731544017
371,1475853545660271883,1475853545731604099
372,1475853545660624980,1475853545731698036
373,1475853545660981893,1475853545732286930
374,1475853545661344051,1475853545732966899
375,1475853545661695003,1475853545735343933
376,1475853545662575006,1475853545736454963
377,1475853545662981033,1475853545736587047
378,1475853545663336038,1475853545736814022
379,1475853545664618968,1475853545737118005
380,1475853545665585041,1475853545738873958
381,1475853545667819023,1475853545739121913
382,1475853545668219089,1475853545740641117
383,1475853545668984889,1475853545740850925
384,1475853545670713901,1475853545741296052
385,1475853545671119928,1475853545741415023
386,1475853545672354936,1475853545742352962
387,1475853545673129081,1475853545742613077
388,1475853545673515081,1475853545742713928
389,1475853545673873901,1475853545747303009
390,1475853545674223899,1475853545747374057
391,1475853545674575090,1475853545747587919
392,1475853545675167083,1475853545749228000
393,1475853545675534963,1475853545749294996
394,1475853545675888061,1475853545749355077
395,1475853545676717042,1475853545749413967
396,1475853545677087068,1475853545749550104
397,1475853545677438974,1475853545749608993
398,1475853545678703069,1475853545749700069
399,1475853545680218935,1475853545749763965
400,1475853545680587053,1475853545749819993
401,1475853545680938959,1475853545749876022
402,1475853545681288957,1475853545752485990
403,1475853545681708097,1475853545762798070
404,1475853545682061910,1475853545762923002
405,1475853545682414054,1475853545763299942
406,1475853545682764053,1475853545763366937
407,1475853545683155059,1475853545763427972
408,1475853545683619976,1475853545765130043
409,1475853545683969974,1475853545766644001
410,1475853545684353113,1475853545766737937
411,1475853545684712886,1475853545766818046
412,1475853545685065031,1475853545766880989
413,1475853545685594081,1475853545766941070
414,1475853545685950040,1475853545766999006
415,1475853545686302900,1475853545767057895
416,1475853545688849925,1475853545767118930
417,1475853545689229011,1475853545767178058
418,1475853545689610958,1475853545770690917
419,1475853545689965963,1475853545772466897
420,1475853545690315961,1475853545772545099
421,1475853545690665006,1475853545772608041
422,1475853545691083908,1475853545772676944
423,1475853545691725015,1475853545772736072
424,1475853545692090034,1475853545772794961
425,1475853545692444086,1475853545772886991
426,1475853545692797899,1475853545772948026
427,1475853545693401098,1475853545773006916
428,1475853545693766117,1475853545773066043
429,1475853545694117069,1475853545773124933
430,1475853545695337057,1475853545773183107
431,1475853545695702075,1475853545773241996
432,1475853545696084976,1475853545773302078
433,1475853545696438074,1475853545773359060
434,1475853545696788072,1475853545773415088
435,1475853545697139978,1475853545773473978
436,1475853545697490930,1475853545773534059
437,1475853545697901010,1475853545773590087
438,1475853545698256015,1475853545773648977
439,1475853545698607921,1475853545773706912
440,1475853545699774026,1475853545773767948
441,1475853545700139045,1475853545778445005
442,1475853545700486898,1475853545778516054
443,1475853545700872898,1475853545778575897
444,1475853545701226949,1475853545779063940
445,1475853545704298019,1475853545779432058
446,1475853545704663991,1475853545779565095
447,1475853545705014944,1475853545780529975
448,1475853545705365896,1475853545783036947
449,1475853545706212997,1475853545783334016
450,1475853545706587076,1475853545783852100
451,1475853545706939935,1475853545783917903
452,1475853545707294940,1475853545783976078
453,1475853545707643032,1475853545784035921
454,1475853545708420038,1475853545784095048
455,1475853545708791017,1475853545784219026
456,1475853545709386110,1475853545784837961
457,1475853545709753036,1475853545787329912
458,1475853545710109949,1475853545787544012
459,1475853545710495948,1475853545788800954
460,1475853545710849046,1475853545789144992
461,1475853545711745977,1475853545789539098
462,1475853545712111949,1475853545789602994
463,1475853545712502956,1475853545789664983
464,1475853545712896108,1475853545789725065
465,1475853545713260889,1475853545790287971
466,1475853545713646888,1475853545793103933
467,1475853545714555025,1475853545794033050
468,1475853545715125083,1475853545795846939
469,1475853545715480089,1475853545795922040
470,1475853545715832948,1475853545795981884
471,1475853545716180086,1475853545796041011
472,1475853545716527938,1475853545796101093
473,1475853545716912984,1475853545796159982
474,1475853545717264890,1475853545796217918
475,1475853545718019962,1475853545796277046
476,1475853545719120025,1475853545796336889
477,1475853545719495058,1475853545796392917
478,1475853545720011949,1475853545796451091
479,1475853545720365047,1475853545798485994
480,1475853545720714092,1475853545798557996
481,1475853545721451997,1475853545798614978
482,1475853545721822977,1475853545798671960
483,1475853545722348928,1475853545798731088
484,1475853545722703933,1475853545798791885
485,1475853545723120927,1475853545798847913
486,1475853545723474979,1475853545799066066
487,1475853545723824977,1475853545800074100
488,1475853545725090980,1475853545800139904
489,1475853545725708007,1475853545801017045
490,1475853545726075887,1475853545802408933
491,1475853545726680040,1475853545804858922
492,1475853545727241992,1475853545805079936
493,1475853545727592945,1475853545805422067
494,1475853545727965116,1475853545805485963
495,1475853545728319883,1475853545805545091
496,1475853545729163885,1475853545806889057
497,1475853545729530096,1475853545807112932
498,1475853545729883909,1475853545811575889
499,1475853545730233907,1475853545813499927
500,1475853545731945037,1475853545816298961
501,1475853545732687950,1475853545818891048
502,1475853545733297109,1475853545818960905
503,1475853545733671903,1475853545819021940
504,1475853545734024047,1475853545821341991
505,1475853545734374046,1475853545821415901
506,1475853545734724044,1475853545821474075
507,1475853545735177993,1475853545821530103
508,1475853545735707998,1475853545821588993
509,1475853545736145019,1475853545822720050
510,1475853545737636089,1475853545822784900
511,1475853545738085985,1475853545822992086
512,1475853545738449096,1475853545823055982
513,1475853545739259004,1475853545823117017
514,1475853545739635944,1475853545823175907
515,1475853545739989042,1475853545823272943
516,1475853545740362882,1475853545823333024
517,1475853545741767883,1475853545823393106
518,1475853545742140054,1475853545824791908
519,1475853545743098020,1475853545824860095
520,1475853545743470907,1475853545824919939
521,1475853545743829965,1475853545824980020
522,1475853545744185924,1475853545825038909
523,1475853545744538068,1475853545825097084
524,1475853545744888067,1475853545825154066
525,1475853545745235919,1475853545825215101
526,1475853545745587110,1475853545825273036
527,1475853545745970010,1475853545825330972
528,1475853545746320962,1475853545825388908
529,1475853545746668100,1475853545825448036
530,1475853545747016906,1475853545825506925
531,1475853545747976064,1475853545825565099
532,1475853545748343944,1475853545825623035
533,1475853545748694896,1475853545825681924
534,1475853545750274896,1475853545825737953
535,1475853545750638008,1475853545825795888
536,1475853545750987052,1475853545825855016
537,1475853545751332998,1475853545827301025
538,1475853545751682996,1475853545827368021
539,1475853545752058982,1475853545827429056
540,1475853545752827882,1475853545827487945
541,1475853545753289937,1475853545827548027
542,1475853545753652095,1475853545827606916
543,1475853545754005908,1475853545827665090
544,1475853545754357099,1475853545827723026
545,1475853545754707098,1475853545827783107
546,1475853545755090951,1475853545827841997
547,1475853545755443096,1475853545828746080
548,1475853545755795001,1475853545831203937
549,1475853545756145000,1475853545832567930
550,1475853545756494045,1475853545833244085
551,1475853545756843090,1475853545834172964
552,1475853545757193088,1475853545836317062
553,1475853545757540941,1475853545836659908
554,1475853545757889032,1475853545839947938
555,1475853545758239984,1475853545840471029
556,1475853545758589982,1475853545840984106
557,1475853545758939981,1475853545841052055
558,1475853545759287118,1475853545841109991
559,1475853545759635925,1475853545841697931
560,1475853545759984016,1475853545844559907
561,1475853545760483026,1475853545845354080
562,1475853545760874986,1475853545845825910
563,1475853545761228084,1475853545845895051
564,1475853545761578083,1475853545849594116
565,1475853545761925935,1475853545849662065
566,1475853545763219118,1475853545849721908
567,1475853545763917922,1475853545849782943
568,1475853545764281988,1475853545853200912
569,1475853545764633893,1475853545853497982
570,1475853545764985084,1475853545854429006
571,1475853545765404939,1475853545854491949
572,1475853545765758037,1475853545854548931
573,1475853545766141891,1475853545854608058
574,1475853545766494989,1475853545854669094
575,1475853545767551898,1475853545854724884
576,1475853545767930030,1475853545854784011
577,1475853545768289089,1475853545854841947
578,1475853545768641948,1475853545855751991
579,1475853545769026994,1475853545855983018
580,1475853545769381999,1475853545856717109
581,1475853545769732952,1475853545856780052
582,1475853545770086050,1475853545857028961
583,1475853545770436048,1475853545860559940
584,1475853545771018981,1475853545861890077
585,1475853545771379947,1475853545862719058
586,1475853545774126052,1475853545862782955
587,1475853545774512052,1475853545862843036
588,1475853545774902105,1475853545862946033
589,1475853545775260925,1475853545863007068
590,1475853545775613069,1475853545863065958
591,1475853545775964021,1475853545863123893
592,1475853545776314020,1475853545865679979
593,1475853545776698112,1475853545865748882
594,1475853545777053117,1475853545865807056
595,1475853545777400970,1475853545865865945
596,1475853545777750968,1475853545865925073
597,1475853545778100013,1475853545868195056
598,1475853545778898954,1475853545868657112
599,1475853545779983043,1475853545868721961
600,1475853545780359029,1475853545868782997
601,1475853545780960083,1475853545868839979
602,1475853545781380891,1475853545868900060
603,1475853545781739950,1475853545868957996
604,1475853545782093048,1475853545869019031
605,1475853545782439947,1475853545869106054
606,1475853545782829046,1475853545869167089
607,1475853545785248041,1475853545870568037
608,1475853545785631895,1475853545871884107
609,1475853545785985946,1475853545871948957
610,1475853545786335945,1475853545872009992
611,1475853545786760091,1475853545872802972
612,1475853545787112951,1475853545872929096
613,1475853545787837028,1475853545872987031
614,1475853545788512945,1475853545873047113
615,1475853545790036916,1475853545873816967
616,1475853545790703058,1475853545875392913
617,1475853545791060924,1475853545875454902
618,1475853545791415929,1475853545875514984
619,1475853545791769027,1475853545876625061
620,1475853545792118072,1475853545876698970
621,1475853545792474985,1475853545876760005
622,1475853545792826890,1475853545876818895
623,1475853545793431043,1475853545876878976
624,1475853545793797016,1475853545876938104
625,1475853545794320106,1475853545876996040
626,1475853545794681072,1475853545877053976
627,1475853545795031070,1475853545877115011
628,1475853545796861886,1475853545877173900
629,1475853545797224998,1475853545877233028
630,1475853545797575950,1475853545877291917
631,1475853545797926902,1475853545877351999
632,1475853545799443006,1475853545877408027
633,1475853545799812078,1475853545877465963
634,1475853545800743103,1475853545877526998
635,1475853545801418066,1475853545877944946
636,1475853545801769971,1475853545878118991
637,1475853545802120923,1475853545878180980
638,1475853545802757978,1475853545878242015
639,1475853545803153991,1475853545881021976
640,1475853545803560018,1475853545881934881
641,1475853545803919076,1475853545881999969
642,1475853545804272890,1475853545882060050
643,1475853545804620981,1475853545882121086
644,1475853545805907964,1475853545882178068
645,1475853545806283950,1475853545882236003
646,1475853545806715011,1475853545882294893
647,1475853545807678937,1475853545883439064
648,1475853545808094978,1475853545883503913
649,1475853545808451890,1475853545883563995
650,1475853545808804035,1475853545883621931
651,1475853545809233903,1475853545883682012
652,1475853545809582948,1475853545883740901
653,1475853545809931993,1475853545883799076
654,1475853545810281991,1475853545883857011
655,1475853545810631990,1475853545885359048
656,1475853545810981988,1475853545885426044
657,1475853545811338901,1475853545885484933
658,1475853545811898946,1475853545885545969
659,1475853545812256097,1475853545885603904
660,1475853545812673091,1475853545887499094
661,1475853545813148975,1475853545887569904
662,1475853545813772916,1475853545887630939
663,1475853545814126968,1475853545887691974
664,1475853545814646005,1475853545887749910
665,1475853545815097093,1475853545887808084
666,1475853545815449953,1475853545887866973
667,1475853545815798997,1475853545887927055
668,1475853545816148996,1475853545887984991
669,1475853545816632986,1475853545888042926
670,1475853545816994905,1475853545888101100
671,1475853545817380905,1475853545888160943
672,1475853545817739009,1475853545888219118
673,1475853545818094015,1475853545888277053
674,1475853545818443059,1475853545888338088
675,1475853545819298982,1475853545888396978
676,1475853545819653987,1475853545888453006
677,1475853545820116043,1475853545888510942
678,1475853545820545911,1475853545888571023
679,1475853545821885108,1475853545888627052
680,1475853545822240114,1475853545888685941
681,1475853545822654008,1475853545888745069
682,1475853545823813915,1475853545888804912
683,1475853545826179981,1475853545888863086
684,1475853545826567888,1475853545888921022
685,1475853545828219890,1475853545888978958
686,1475853545828577995,1475853545892066001
687,1475853545829103946,1475853545892280101
688,1475853545829454898,1475853545892347097
689,1475853545829803943,1475853545892406940
690,1475853545830154895,1475853545892465114
691,1475853545830502986,1475853545892535924
692,1475853545831037998,1475853545892595052
693,1475853545831638097,1475853545892663955
694,1475853545831995964,1475853545892723083
695,1475853545832408905,1475853545892781972
696,1475853545833005905,1475853545892838001
697,1475853545833616971,1475853545892939090
698,1475853545834011077,1475853545892999887
699,1475853545834675073,1475853545893055915
700,1475853545835035085,1475853545893110990
701,1475853545835385084,1475853545893168926
702,1475853545835733890,1475853545893229961
703,1475853545836085081,1475853545893285036
704,1475853545837106943,1475853545893343925
705,1475853545837474107,1475853545893402099
706,1475853545837826013,1475853545893493890
707,1475853545838177919,1475853545893573999
708,1475853545838526964,1475853545893634080
709,1475853545838941097,1475853545893762111
710,1475853545839365005,1475853545893840074
711,1475853545839720010,1475853545893898963
712,1475853545840236902,1475853545893959999
713,1475853545841448068,1475853545894017934
714,1475853545842045068,1475853545894076108
715,1475853545842401027,1475853545894134044
716,1475853545842751026,1475853545894227027
717,1475853545843139886,1475853545894285917
718,1475853545843494892,1475853545894344091
719,1475853545843844890,1475853545894404888
720,1475853545844192981,1475853545894463062
721,1475853545845108032,1475853545894519090
722,1475853545845812082,1475853545894577026
723,1475853545846383094,1475853545894637107
724,1475853545846739053,1475853545894691944
725,1475853545847089052,1475853545894750118
726,1475853545847440004,1475853545894808053
727,1475853545847824096,1475853545894867897
728,1475853545848176002,1475853545894951105
729,1475853545848526000,1475853545895029067
730,1475853545848876953,1475853545895091056
731,1475853545849226951,1475853545895180940
732,1475853545850116014,1475853545895241022
733,1475853545850478887,1475853545895299911
734,1475853545850830078,1475853545895359039
735,1475853545851181983,1475853545895417928
736,1475853545851531982,1475853545895476102
737,1475853545851881027,1475853545895534038
738,1475853545852292060,1475853545895593881
739,1475853545852643966,1475853545895653009
740,1475853545853035926,1475853545895709991
741,1475853545853867053,1475853545895767927
742,1475853545855252981,1475853545895828008
743,1475853545855608940,1475853545895886898
744,1475853545856429100,1475853545895945072
745,1475853545857304096,1475853545896003961
746,1475853545857670068,1475853545896063089
747,1475853545858022928,1475853545896119117
748,1475853545858375072,1475853545897341012
749,1475853545858726024,1475853545897701025
750,1475853545859075069,1475853545898081064
751,1475853545859424114,1475853545898142099
752,1475853545859772920,1475853545898201942
753,1475853545860121011,1475853545899036884
754,1475853545860469102,1475853545899374008
755,1475853545861032009,1475853545903968095
756,1475853545861399888,1475853545904227972
757,1475853545862221002,1475853545904850006
758,1475853545862574100,1475853545904920101
759,1475853545863414049,1475853545905154943
760,1475853545863799095,1475853545905827999
761,1475853545864156007,1475853545905894041
762,1475853545864506006,1475853545908257007
763,1475853545864854097,1475853545908498048
764,1475853545866193056,1475853545910212993
765,1475853545866547107,1475853545910281896
766,1475853545866997957,1475853545910341978
767,1475853545867351055,1475853545910401105
768,1475853545867702007,1475853545914093017
769,1475853545868052005,1475853545914167881
770,1475853545868516921,1475853545914228916
771,1475853545869498968,1475853545914288997
772,1475853545869862079,1475853545914349079
773,1475853545870214939,1475853545914602041
774,1475853545872277975,1475853545917205095
775,1475853545872649908,1475853545917275905
776,1475853545873317956,1475853545917335987
777,1475853545873676061,1475853545918961048
778,1475853545874087095,1475853545921655893
779,1475853545874439954,1475853545923521041
780,1475853545874835968,1475853545926805973
781,1475853545875185012,1475853545926877975
782,1475853545875791072,1475853545927903890
783,1475853545876147031,1475853545927968978
784,1475853545876496076,1475853545928029060
785,1475853545878560066,1475853545928090095
786,1475853545878927946,1475853545928687095
787,1475853545881438970,1475853545928894996
788,1475853545881794929,1475853545930879116
789,1475853545882570028,1475853545933705091
790,1475853545882963895,1475853545935501098
791,1475853545883317947,1475853545935570001
792,1475853545884155988,1475853545942079067
793,1475853545884510993,1475853545943949937
794,1475853545884862899,1475853545944016933
795,1475853545885210037,1475853545944077014
796,1475853545885912895,1475853545944139003
797,1475853545886281967,1475853545944196939
798,1475853545886640071,1475853545944252967
799,1475853545886991977,1475853545944313049
800,1475853545887345075,1475853545944374084
801,1475853545889364957,1475853545944430112
802,1475853545896445989,1475853545944489002
803,1475853545896842002,1475853545946263074
804,1475853545897196054,1475853545946350097
805,1475853545898523092,1475853545946408033
806,1475853545898897886,1475853545947805881
807,1475853545899755954,1475853545947870016
808,1475853545900135993,1475853545947932958
809,1475853545900489091,1475853545948338031
810,1475853545900851011,1475853545948401927
811,1475853545901200056,1475853545948461055
812,1475853545901550054,1475853545948534011
813,1475853545901930093,1475853545948594093
814,1475853545902281999,1475853545948662996
815,1475853545902630090,1475853545948721885
816,1475853545903028964,1475853545948781967
817,1475853545903378009,1475853545948841094
818,1475853545903724908,1475853545948899984
819,1475853545905272960,1475853545956315040
820,1475853545905657052,1475853545956686019
821,1475853545906256914,1475853545958373069
822,1475853545906615972,1475853545958965063
823,1475853545906970977,1475853545959876060
824,1475853545907320976,1475853545964196920
825,1475853545907670021,1475853545966633081
826,1475853545908018112,1475853545967055082
827,1475853545908799886,1475853545967122077
828,1475853545909171104,1475853545967180013
829,1475853545909606933,1475853545967240095
830,1475853545910727024,1475853545969616889
831,1475853545911096096,1475853545971991062
832,1475853545911448955,1475853545972250938
833,1475853545911798000,1475853545979635953
834,1475853545912183046,1475853545979861974
835,1475853545912540912,1475853545981906890
836,1475853545912935972,1475853545982125997
837,1475853545913285970,1475853545983700990
838,1475853545913671016,1475853545986197948
839,1475853545914026021,1475853545986740112
840,1475853545915083885,1475853545987754106
841,1475853545915478944,1475853545988595008
842,1475853545915838956,1475853545989039897
843,1475853545916186094,1475853545989294052
844,1475853545916534900,1475853545989381074
845,1475853545916887044,1475853545989558935
846,1475853545917659044,1475853546004129886
847,1475853545918026924,1475853546005923032
848,1475853545918376922,1475853546006256103
849,1475853545918725967,1475853546008047103
850,1475853545919308900,1475853546009747982
851,1475853545919703960,1475853546010433912
852,1475853545920068025,1475853546010642051
853,1475853545920419931,1475853546010852098
854,1475853545920767068,1475853546011876106
855,1475853545921149969,1475853546012124061
856,1475853545921504020,1475853546012209892
857,1475853545922018051,1475853546012455940
858,1475853545922370910,1475853546012514114
859,1475853545922720909,1475853546012708902
860,1475853545923104047,1475853546013025045
861,1475853545923876047,1475853546013082027
862,1475853545924245119,1475853546013261079
863,1475853545924601078,1475853546016032934
864,1475853545924984931,1475853546016282081
865,1475853545925807952,1475853546016397953
866,1475853545926171064,1475853546016774892
867,1475853545926525115,1475853546016832113
868,1475853545927189111,1475853546016885995
869,1475853545927553892,1475853546016938924
870,1475853545928412914,1475853546016992092
871,1475853545929224014,1475853546017045021
872,1475853545929594993,1475853546017225027
873,1475853545929948091,1475853546017600059
874,1475853545930299043,1475853546017657995
875,1475853545930649042,1475853546017712116
876,1475853545931154966,1475853546017765998
877,1475853545931544065,1475853546017817974
878,1475853545931895971,1475853546018083095
879,1475853545932245016,1475853546018568038
880,1475853545932594060,1475853546019454002
881,1475853545933047056,1475853546021059989
882,1475853545933401107,1475853546021266937
883,1475853545934046983,1475853546022649049
884,1475853545934415102,1475853546022907972
885,1475853545934773921,1475853546023176908
886,1475853545935848951,1475853546023879051
887,1475853545936204910,1475853546024550914
888,1475853545936556100,1475853546025525093
889,1475853545936943054,1475853546026006937
890,1475853545937294960,1475853546027096986
891,1475853545937645912,1475853546027412891
892,1475853545937995910,1475853546027471065
893,1475853545938345909,1475853546027524948
894,1475853545938695907,1475853546027702093
895,1475853545939084053,1475853546028016090
896,1475853545939435005,1475853546028074026
897,1475853545939785957,1475853546028127908
898,1475853545940135955,1475853546028306007
899,1475853545940524101,1475853546028883934
900,1475853545940880060,1475853546028942108
901,1475853545941231966,1475853546028995990
902,1475853545941582918,1475853546029048919
903,1475853545941937923,1475853546029102087
904,1475853545942354917,1475853546029155015
905,1475853545942708015,1475853546029206991
906,1475853545943095922,1475853546029681921
907,1475853545943448066,1475853546029737949
908,1475853545943799018,1475853546029792070
909,1475853545944783926,1475853546029844999
910,1475853545945137023,1475853546029896974
911,1475853545945487976,1475853546029949903
912,1475853545945837974,1475853546030002117
913,1475853545946724891,1475853546030055046
914,1475853545947088003,1475853546030236005
915,1475853545948200941,1475853546030555009
916,1475853545949198961,1475853546030611038
917,1475853545949551105,1475853546030664920
918,1475853545949904918,1475853546030719041
919,1475853545950256109,1475853546031059980
920,1475853545950604915,1475853546031528949
921,1475853545950954914,1475853546031758069
922,1475853545951342105,1475853546032473087
923,1475853545951699972,1475853546033180952
924,1475853545952054977,1475853546033390998
925,1475853545952408075,1475853546033601045
926,1475853545952792882,1475853546034816026
927,1475853545953186988,1475853546035316944
928,1475853545953579902,1475853546036010980
929,1475853545953933000,1475853546036278963
930,1475853545954282045,1475853546036637067
931,1475853545954667091,1475853546037691116
932,1475853545955024003,1475853546038178920
933,1475853545955372095,1475853546038491010
934,1475853545955720901,1475853546038615942
935,1475853545956069946,1475853546038672924
936,1475853545957056045,1475853546038855075
937,1475853545957436084,1475853546039664030
938,1475853545957792997,1475853546039777994
939,1475853545958142042,1475853546039833068
940,1475853545958648920,1475853546039886951
941,1475853545959265947,1475853546039997100
942,1475853545959626913,1475853546040052890
943,1475853545960313081,1475853546040106058
944,1475853545960675954,1475853546040218114
945,1475853545961070060,1475853546040272951
946,1475853545961425065,1475853546040327072
947,1475853545961776018,1475853546040435075
948,1475853545962126016,1475853546040491104
949,1475853545962507009,1475853546042536020
950,1475853545962905883,1475853546042593002
951,1475853545963258028,1475853546042646884
952,1475853545963608026,1475853546042701005
953,1475853545963958024,1475853546042753934
954,1475853545964477062,1475853546042805910
955,1475853545964832067,1475853546042891979
956,1475853545965179920,1475853546042948007
957,1475853545965564966,1475853546043001890
958,1475853545965950965,1475853546043054103
959,1475853545966305017,1475853546043107032
960,1475853545967556953,1475853546043159961
961,1475853545967926979,1475853546043211936
962,1475853545968280076,1475853546043265104
963,1475853545968628883,1475853546043317079
964,1475853545969014883,1475853546043369054
965,1475853545969367027,1475853546043421983
966,1475853545970041990,1475853546043473958
967,1475853545970396995,1475853546043525934
968,1475853545970748901,1475853546043579101
969,1475853545971097946,1475853546043631076
970,1475853545971446990,1475853546043684005
971,1475853545971827983,1475853546043735980
972,1475853545972583055,1475853546043787956
973,1475853545972982883,1475853546043839931
974,1475853545973335981,1475853546043891906
975,1475853545973685979,1475853546043943881
976,1475853545974035978,1475853546043997049
977,1475853545974384069,1475853546044049978
978,1475853545974730014,1475853546044101953
979,1475853545975080013,1475853546044153928
980,1475853545975430965,1475853546044207096
981,1475853545975814104,1475853546044259071
982,1475853545976164102,1475853546044311046
983,1475853545976514101,1475853546044363021
984,1475853545976907968,1475853546044414997
985,1475853545977261066,1475853546044466972
986,1475853545977613925,1475853546044519901
987,1475853545977997064,1475853546044580936
988,1475853545978348970,1475853546044634103
989,1475853545978698968,1475853546044696092
990,1475853545979047060,1475853546044749021
991,1475853545979396104,1475853546044801950
992,1475853545980241060,1475853546044855117
993,1475853545980616092,1475853546044907093
994,1475853545980971097,1475853546044959068
995,1475853545981323957,1475853546045011997
996,1475853545981673002,1475853546045063972
997,1475853545982451915,1475853546045115947
998,1475853545982819080,1475853546045169115
999,1475853545983218908,1475853546045221090
