0,1475853261136950969,1475853261139368057
1,1475853261237211942,1475853261240725994
2,1475853261337133884,1475853261339956998
3,1475853261437114000,1475853261438926935
4,1475853261537080049,1475853261538767099
5,1475853261637063026,1475853261638722896
6,1475853261737066030,1475853261738751888
7,1475853261837064981,1475853261838778018
8,1475853261937063932,1475853261938721895
9,1475853262037065029,1475853262038733959
10,1475853262137072086,1475853262138794898
11,1475853262237107992,1475853262238961935
12,1475853262337080955,1475853262338773012
13,1475853262437068939,1475853262438724040
14,1475853262537065029,1475853262538722038
15,1475853262637057065,1475853262638700962
16,1475853262737065076,1475853262738748073
17,1475853262837063074,1475853262838757038
18,1475853262937067031,1475853262938743114
19,1475853263037058115,1475853263038723945
20,1475853263137063026,1475853263138737916
21,1475853263237057924,1475853263238751888
22,1475853263337061882,1475853263338716030
23,1475853263437055110,1475853263438709020
24,1475853263537064075,1475853263538733005
25,1475853263637058973,1475853263638741016
26,1475853263737062931,1475853263738729000
27,1475853263837059974,1475853263838727951
28,1475853263937062978,1475853263938720941
29,1475853264037055015,1475853264038732051
30,1475853264137067079,1475853264138761997
31,1475853264237062931,1475853264238753080
32,1475853264337064981,1475853264338732004
33,1475853264437057018,1475853264438769102
34,1475853264537065029,1475853264538785934
35,1475853264637057065,1475853264638766050
36,1475853264737062931,1475853264738787889
37,1475853264837060928,1475853264838771104
38,1475853264937062025,1475853264938751935
39,1475853265037060022,1475853265038759946
40,1475853265137056112,1475853265138755083
41,1475853265237056970,1475853265238766908
42,1475853265337063074,1475853265338758945
43,1475853265437058925,1475853265438733100
44,1475853265537061929,1475853265538748025
45,1475853265637056112,1475853265638765096
46,1475853265737091064,1475853265738920927
47,1475853265837075948,1475853265838834047
48,1475853265937072038,1475853265938596010
49,1475853266037058115,1475853266038583993
50,1475853266137049913,1475853266138525009
51,1475853266237055063,1475853266238676071
52,1475853266337058067,1475853266338583946
53,1475853266437046051,1475853266438523054
54,1475853266537058115,1475853266538543939
55,1475853266637054920,1475853266638526916
56,1475853266737051010,1475853266738535881
57,1475853266837053060,1475853266838543891
58,1475853266937056064,1475853266938518047
59,1475853267037053108,1475853267038549900
60,1475853267137053012,1475853267138540029
61,1475853267237052917,1475853267238533020
62,1475853267337058067,1475853267338534116
63,1475853267437052011,1475853267438493967
64,1475853267537058115,1475853267538574934
65,1475853267637053012,1475853267638557910
66,1475853267737059116,1475853267738545894
67,1475853267837054967,1475853267838543891
68,1475853267937061071,1475853267938545942
69,1475853268037051916,1475853268038564920
70,1475853268137059926,1475853268138586044
71,1475853268237070083,1475853268238547086
72,1475853268337060928,1475853268338515043
73,1475853268437052011,1475853268438538074
74,1475853268537055969,1475853268538521051
75,1475853268637052059,1475853268638542890
76,1475853268737056970,1475853268738534927
77,1475853268837053060,1475853268838538885
78,1475853268937057018,1475853268938549995
79,1475853269037053108,1475853269038556098
80,1475853269137054920,1475853269138565063
81,1475853269237056016,1475853269238595962
82,1475853269337059974,1475853269338526010
83,1475853269437050104,1475853269438499927
84,1475853269537056922,1475853269538537979
85,1475853269637049913,1475853269638514041
86,1475853269737057924,1475853269738571882
87,1475853269837050914,1475853269838537931
88,1475853269937060117,1475853269938796043
89,1475853270037050008,1475853270038574934
90,1475853270137056112,1475853270138524055
91,1475853270237054109,1475853270238538980
92,1475853270337061882,1475853270338542938
93,1475853270437052965,1475853270438510894
94,1475853270537058115,1475853270538538932
95,1475853270637051105,1475853270638567924
96,1475853270737063884,1475853270738627910
97,1475853270837058067,1475853270838557004
98,1475853270937062978,1475853270938565969
99,1475853271037054061,1475853271038536071
100,1475853271137058973,1475853271138556003
101,1475853271237057924,1475853271238559007
102,1475853271337061882,1475853271338525056
103,1475853271437051057,1475853271438541889
104,1475853271537056922,1475853271538539886
105,1475853271637048959,1475853271638525962
106,1475853271737057924,1475853271738557100
107,1475853271837054014,1475853271838531017
108,1475853271937057018,1475853271938549995
109,1475853272037059068,1475853272038585901
110,1475853272137059926,1475853272138576030
111,1475853272237114906,1475853272238806962
112,1475853272337081909,1475853272338619947
113,1475853272437057018,1475853272438528060
114,1475853272537060022,1475853272538558006
115,1475853272637053012,1475853272638530969
116,1475853272737056970,1475853272738571882
117,1475853272837054014,1475853272838529109
118,1475853272937058925,1475853272938591957
119,1475853273037051916,1475853273038553953
120,1475853273137054920,1475853273138540029
121,1475853273237054109,1475853273238533973
122,1475853273337059020,1475853273338551998
123,1475853273437050104,1475853273438529968
124,1475853273537055015,1475853273538568019
125,1475853273637047052,1475853273638564109
126,1475853273737056970,1475853273738616943
127,1475853273837057113,1475853273838536024
128,1475853273937057971,1475853273938622951
129,1475853274037055969,1475853274038533926
130,1475853274137054920,1475853274138537883
131,1475853274237056016,1475853274238600015
132,1475853274337059020,1475853274338587999
133,1475853274437052011,1475853274438575029
134,1475853274537056922,1475853274538579940
135,1475853274637048959,1475853274638510942
136,1475853274737060070,1475853274738601922
137,1475853274837054014,1475853274838583946
138,1475853274937061071,1475853274938549995
139,1475853275037055015,1475853275038537025
140,1475853275137053966,1475853275138566017
141,1475853275237054109,1475853275238574981
142,1475853275337059974,1475853275338515996
143,1475853275437048912,1475853275438527107
144,1475853275537056922,1475853275538554906
145,1475853275637054920,1475853275638519048
146,1475853275737061023,1475853275738583087
147,1475853275837088108,1475853275838686943
148,1475853275937078952,1475853275938563108
149,1475853276037056922,1475853276038572072
150,1475853276137063026,1475853276138552904
151,1475853276237061977,1475853276238564968
152,1475853276337060928,1475853276338531017
153,1475853276437051057,1475853276438533067
154,1475853276537064075,1475853276538760900
155,1475853276637057065,1475853276638616085
156,1475853276737062931,1475853276738576889
157,1475853276837058067,1475853276838550090
158,1475853276937060117,1475853276938549995
159,1475853277037054061,1475853277038552999
160,1475853277137057065,1475853277138566017
161,1475853277237060070,1475853277238569974
162,1475853277337063074,1475853277338522911
163,1475853277437052011,1475853277438530921
164,1475853277537058115,1475853277538575887
165,1475853277637054920,1475853277638511896
166,1475853277737057924,1475853277738548994
167,1475853277837057113,1475853277838538885
168,1475853277937056064,1475853277938529968
169,1475853278037054061,1475853278038582086
170,1475853278137059926,1475853278138533115
171,1475853278237061023,1475853278238594055
172,1475853278337066888,1475853278338542938
173,1475853278437057971,1475853278438536882
174,1475853278537058115,1475853278538558959
175,1475853278637049913,1475853278638509988
176,1475853278737060070,1475853278738574981
177,1475853278837059974,1475853278838550090
178,1475853278937062978,1475853278938560009
179,1475853279037051916,1475853279038532972
180,1475853279137054920,1475853279138544082
181,1475853279237056016,1475853279238547086
182,1475853279337055921,1475853279338553905
183,1475853279437050104,1475853279438493967
184,1475853279537056922,1475853279538568019
185,1475853279637053966,1475853279638525962
186,1475853279737061023,1475853279738588094
187,1475853279837054967,1475853279838527917
188,1475853279937055110,1475853279938556909
189,1475853280037056922,1475853280038573980
190,1475853280137059926,1475853280138560056
191,1475853280237052917,1475853280238552093
192,1475853280337059020,1475853280338567018
193,1475853280437052011,1475853280438498973
194,1475853280537051916,1475853280538558959
195,1475853280637051105,1475853280638515949
196,1475853280737057924,1475853280738588094
197,1475853280837054967,1475853280838541984
198,1475853280937053918,1475853280938571929
199,1475853281037054061,1475853281038547039
200,1475853281137053966,1475853281138569116
201,1475853281237056016,1475853281238553047
202,1475853281337054014,1475853281338556051
203,1475853281437047958,1475853281438489913
204,1475853281537054061,1475853281538570880
205,1475853281637049913,1475853281638520956
206,1475853281737052917,1475853281738594055
207,1475853281837055921,1475853281838530063
208,1475853281937050104,1475853281938554048
209,1475853282037055969,1475853282038561105
210,1475853282137052059,1475853282138565063
211,1475853282237056016,1475853282238539934
212,1475853282337053060,1475853282338567018
213,1475853282437051057,1475853282438549995
214,1475853282537054061,1475853282538563013
215,1475853282637052059,1475853282638523101
216,1475853282737052917,1475853282738579034
217,1475853282837054967,1475853282838538885
218,1475853282937053918,1475853282938576936
219,1475853283037050962,1475853283038532972
220,1475853283137048959,1475853283138586044
221,1475853283237061977,1475853283238595962
222,1475853283337057113,1475853283338545083
223,1475853283437048912,1475853283438510894
224,1475853283537055969,1475853283538580894
225,1475853283637052059,1475853283638513088
226,1475853283737051963,1475853283738557100
227,1475853283837053060,1475853283838536024
228,1475853283937052011,1475853283938575029
229,1475853284037051916,1475853284038537979
230,1475853284137049913,1475853284138549089
231,1475853284237059116,1475853284238610982
232,1475853284337058067,1475853284338579893
233,1475853284437052965,1475853284438568115
234,1475853284537055969,1475853284538528919
235,1475853284637052059,1475853284638569116
236,1475853284737054109,1475853284738610029
237,1475853284837055921,1475853284838579893
238,1475853284937052011,1475853284938554048
239,1475853285037051916,1475853285038532018
240,1475853285137049913,1475853285138521909
241,1475853285237051963,1475853285238548994
242,1475853285337053060,1475853285338504076
243,1475853285437050104,1475853285438529968
244,1475853285537054061,1475853285538527011
245,1475853285637053966,1475853285638516902
246,1475853285737051963,1475853285738545894
247,1475853285837094068,1475853285838706016
248,1475853285937083959,1475853285938664913
249,1475853286037069082,1475853286038568973
250,1475853286137052059,1475853286138561010
251,1475853286237056970,1475853286238603115
252,1475853286337052106,1475853286338526010
253,1475853286437052011,1475853286438497066
254,1475853286537049055,1475853286538523912
255,1475853286637049913,1475853286638564109
256,1475853286737054109,1475853286738568067
257,1475853286837055921,1475853286838538885
258,1475853286937056064,1475853286938553094
259,1475853287037066936,1475853287038777112
260,1475853287137248992,1475853287138750076
261,1475853287237055063,1475853287238552093
262,1475853287337055921,1475853287338526010
263,1475853287437051057,1475853287438499927
264,1475853287537060022,1475853287538631916
265,1475853287637052059,1475853287638560056
266,1475853287737054109,1475853287738580942
267,1475853287837054967,1475853287838541984
268,1475853287937053918,1475853287938522100
269,1475853288037053108,1475853288038578033
270,1475853288137052059,1475853288138537883
271,1475853288237055063,1475853288238559007
272,1475853288337054967,1475853288338521957
273,1475853288437048912,1475853288438534975
274,1475853288537055969,1475853288538558959
275,1475853288637049913,1475853288638509988
276,1475853288737055063,1475853288738538980
277,1475853288837054967,1475853288838530063
278,1475853288937053918,1475853288938575029
279,1475853289037050962,1475853289038573026
280,1475853289137069940,1475853289138576030
281,1475853289237056970,1475853289238579034
282,1475853289337063074,1475853289338577985
283,1475853289437058925,1475853289438536882
284,1475853289537059068,1475853289538569927
285,1475853289637063026,1475853289638520002
286,1475853289737051963,1475853289738545894
287,1475853289837054967,1475853289838531970
288,1475853289937051057,1475853289938741922
289,1475853290037051916,1475853290038595914
290,1475853290137053966,1475853290138544082
291,1475853290237057924,1475853290238548040
292,1475853290337054967,1475853290338522911
293,1475853290437066078,1475853290438606977
294,1475853290537060022,1475853290538575887
295,1475853290637048959,1475853290638510942
296,1475853290737052917,1475853290738542079
297,1475853290837065935,1475853290838608980
298,1475853290937082052,1475853290938678979
299,1475853291037084102,1475853291038716077
300,1475853291137053012,1475853291138684988
301,1475853291237070083,1475853291238662958
302,1475853291337060928,1475853291338536977
303,1475853291437058925,1475853291438584089
304,1475853291537062883,1475853291538813114
305,1475853291637053966,1475853291638571977
306,1475853291737060070,1475853291738559961
307,1475853291837053060,1475853291838602066
308,1475853291937068939,1475853291938659906
309,1475853292037060022,1475853292038595914
310,1475853292137063980,1475853292138638973
311,1475853292237059116,1475853292238620042
312,1475853292337068080,1475853292338613986
313,1475853292437052011,1475853292438493967
314,1475853292537060022,1475853292538528919
315,1475853292637053012,1475853292638628005
316,1475853292737054109,1475853292738641023
317,1475853292837091922,1475853292838656902
318,1475853292937052965,1475853292938535928
319,1475853293037051916,1475853293038497924
320,1475853293137052059,1475853293138628005
321,1475853293237060070,1475853293238581895
322,1475853293337086915,1475853293338551044
323,1475853293437056064,1475853293438519954
324,1475853293537055015,1475853293538511991
325,1475853293637053966,1475853293638570070
326,1475853293737062931,1475853293738560914
327,1475853293837061882,1475853293838535070
328,1475853293937055110,1475853293938550949
329,1475853294037060976,1475853294038516998
330,1475853294137049913,1475853294138516902
331,1475853294237056970,1475853294238552093
332,1475853294337055921,1475853294338524103
333,1475853294437055110,1475853294438515901
334,1475853294537053108,1475853294538522005
335,1475853294637058973,1475853294638535976
336,1475853294737051963,1475853294738549947
337,1475853294837085962,1475853294838686943
338,1475853294937072992,1475853294938564062
339,1475853295037062883,1475853295038526058
340,1475853295137053012,1475853295138539075
341,1475853295237056016,1475853295238553047
342,1475853295337052106,1475853295338551044
343,1475853295437060117,1475853295438541889
344,1475853295537054061,1475853295538512945
345,1475853295637054920,1475853295638571977
346,1475853295737054109,1475853295738585948
347,1475853295837064027,1475853295838598966
348,1475853295937081098,1475853295938723087
349,1475853296037072896,1475853296038573980
350,1475853296137056112,1475853296138556003
351,1475853296237056016,1475853296238693952
352,1475853296337058067,1475853296338625907
353,1475853296437050104,1475853296438515901
354,1475853296537051916,1475853296538513898
355,1475853296637054920,1475853296638530969
356,1475853296737052917,1475853296738565921
357,1475853296837061882,1475853296838546991
358,1475853296937055110,1475853296938546895
359,1475853297037060022,1475853297038537025
360,1475853297137051105,1475853297138537883
361,1475853297237057924,1475853297238552093
362,1475853297337058067,1475853297338546991
363,1475853297437053918,1475853297438518047
364,1475853297537054061,1475853297538507938
365,1475853297637056112,1475853297638575077
366,1475853297737052917,1475853297738563060
367,1475853297837060928,1475853297838551998
368,1475853297937069892,1475853297938596010
369,1475853298037058115,1475853298038513898
370,1475853298137048959,1475853298138588905
371,1475853298237054109,1475853298238552093
372,1475853298337053060,1475853298338531017
373,1475853298437056064,1475853298438515901
374,1475853298537046909,1475853298538521051
375,1475853298637061119,1475853298638616085
376,1475853298737059116,1475853298738607883
377,1475853298837061882,1475853298838553905
378,1475853298937057971,1475853298938534021
379,1475853299037053108,1475853299038570880
380,1475853299137052059,1475853299138530969
381,1475853299237059116,1475853299238548040
382,1475853299337053060,1475853299338536977
383,1475853299437057971,1475853299438549995
384,1475853299537054061,1475853299538558959
385,1475853299637058973,1475853299638528108
386,1475853299737054109,1475853299738552093
387,1475853299837061882,1475853299838532924
388,1475853299937051057,1475853299938528060
389,1475853300037053108,1475853300038506031
390,1475853300137051105,1475853300138560056
391,1475853300237055063,1475853300238581895
392,1475853300337054967,1475853300338505029
393,1475853300437056064,1475853300438503980
394,1475853300537050962,1475853300538522005
395,1475853300637056112,1475853300638540983
396,1475853300737057924,1475853300738550901
397,1475853300837059020,1475853300838536024
398,1475853300937096118,1475853300938771963
399,1475853301037076950,1475853301038585901
400,1475853301137058973,1475853301138685941
401,1475853301237056970,1475853301238619089
402,1475853301337054967,1475853301338542938
403,1475853301437056064,1475853301438505887
404,1475853301537053108,1475853301538522958
405,1475853301637062072,1475853301638603925
406,1475853301737057924,1475853301738593101
407,1475853301837063074,1475853301838565111
408,1475853301937051057,1475853301938533067
409,1475853302037058115,1475853302038537025
410,1475853302137054920,1475853302138549089
411,1475853302237106084,1475853302238730907
412,1475853302337075948,1475853302338586091
413,1475853302437061071,1475853302438576936
414,1475853302537055015,1475853302538537979
415,1475853302637056112,1475853302638539075
416,1475853302737054109,1475853302738567113
417,1475853302837055921,1475853302838542938
418,1475853302937052965,1475853302938524961
419,1475853303037053108,1475853303038507938
420,1475853303137053012,1475853303138577938
421,1475853303237054109,1475853303238589048
422,1475853303337053060,1475853303338530063
423,1475853303437052965,1475853303438502073
424,1475853303537050008,1475853303538502931
425,1475853303637057065,1475853303638550043
426,1475853303737051010,1475853303738568067
427,1475853303837059974,1475853303838560104
428,1475853303937063932,1475853303938622951
429,1475853304037060022,1475853304038544893
430,1475853304137052059,1475853304138534069
431,1475853304237055063,1475853304238552093
432,1475853304337057113,1475853304338532924
433,1475853304437052965,1475853304438543081
434,1475853304537051916,1475853304538518905
435,1475853304637053966,1475853304638586044
436,1475853304737054109,1475853304738588094
437,1475853304837064027,1475853304838572978
438,1475853304937052965,1475853304938541889
439,1475853305037055969,1475853305038532972
440,1475853305137048959,1475853305138566017
441,1475853305237056970,1475853305238574028
442,1475853305337060928,1475853305338527917
443,1475853305437055110,1475853305438611984
444,1475853305537055969,1475853305538503885
445,1475853305637053966,1475853305638598918
446,1475853305737051010,1475853305738617897
447,1475853305837061882,1475853305838622093
448,1475853305937053918,1475853305938616991
449,1475853306037056922,1475853306038525104
450,1475853306137052059,1475853306138519048
451,1475853306237054109,1475853306238631963
452,1475853306337057113,1475853306338561058
453,1475853306437057971,1475853306438560009
454,1475853306537051916,1475853306538516044
455,1475853306637057065,1475853306638585090
456,1475853306737056970,1475853306738550901
457,1475853306837060928,1475853306838553905
458,1475853306937050104,1475853306938517093
459,1475853307037050962,1475853307038516044
460,1475853307137049913,1475853307138550996
461,1475853307237056970,1475853307238545894
462,1475853307337054014,1475853307338537931
463,1475853307437057971,1475853307438513040
464,1475853307537054061,1475853307538518905
465,1475853307637056112,1475853307638535022
466,1475853307737051010,1475853307738547086
467,1475853307837059974,1475853307838548898
468,1475853307937057971,1475853307938585996
469,1475853308037067890,1475853308038573980
470,1475853308137053966,1475853308138593912
471,1475853308237055063,1475853308238544940
472,1475853308337053060,1475853308338531017
473,1475853308437053918,1475853308438508033
474,1475853308537050962,1475853308538687944
475,1475853308637249946,1475853308638811111
476,1475853308737055063,1475853308738553047
477,1475853308837059974,1475853308838541030
478,1475853308937052965,1475853308938525915
479,1475853309037051916,1475853309038568019
480,1475853309137053966,1475853309138530969
481,1475853309237055063,1475853309238545894
482,1475853309337055921,1475853309338534116
483,1475853309437057971,1475853309438545942
484,1475853309537051916,1475853309538522005
485,1475853309637058019,1475853309638575077
486,1475853309737051963,1475853309738553047
487,1475853309837061882,1475853309838550090
488,1475853309937053918,1475853309938740015
489,1475853310037053108,1475853310038544893
490,1475853310137063980,1475853310138551950
491,1475853310237056970,1475853310238560914
492,1475853310337053060,1475853310338537931
493,1475853310437056064,1475853310438555955
494,1475853310537050962,1475853310538562059
495,1475853310637057065,1475853310638578891
496,1475853310737051010,1475853310738569021
497,1475853310837055921,1475853310838583946
498,1475853310937052965,1475853310938543081
499,1475853311037051916,1475853311038595914
500,1475853311137048959,1475853311138525962
501,1475853311237056016,1475853311238590002
502,1475853311337053060,1475853311338555097
503,1475853311437057971,1475853311438555955
504,1475853311537054061,1475853311538526058
505,1475853311637056112,1475853311638590097
506,1475853311737054109,1475853311738568067
507,1475853311837060928,1475853311838581085
508,1475853311937052965,1475853311938519001
509,1475853312037055969,1475853312038623094
510,1475853312137051105,1475853312138552904
511,1475853312237127065,1475853312238794088
512,1475853312337084054,1475853312338637113
513,1475853312437064886,1475853312438575029
514,1475853312537053108,1475853312538523912
515,1475853312637061119,1475853312638590097
516,1475853312737052917,1475853312738558053
517,1475853312837061882,1475853312838622093
518,1475853312937058925,1475853312938549041
519,1475853313037051916,1475853313038562059
520,1475853313137051105,1475853313138566970
521,1475853313237060070,1475853313238596916
522,1475853313337058067,1475853313338536977
523,1475853313437058925,1475853313438574075
524,1475853313537056922,1475853313538562059
525,1475853313637058973,1475853313638597011
526,1475853313737054109,1475853313738558053
527,1475853313837093114,1475853313838706970
528,1475853313937071084,1475853313938579082
529,1475853314037056922,1475853314038554906
530,1475853314137054920,1475853314138535022
531,1475853314237056970,1475853314238612890
532,1475853314337054967,1475853314338558912
533,1475853314437058925,1475853314438550949
534,1475853314537051916,1475853314538522005
535,1475853314637058019,1475853314638564109
536,1475853314737056016,1475853314738575935
537,1475853314837065935,1475853314838573932
538,1475853314937056064,1475853314938546895
539,1475853315037053108,1475853315038582086
540,1475853315137052059,1475853315138540029
541,1475853315237059116,1475853315238559961
542,1475853315337058067,1475853315338537931
543,1475853315437057971,1475853315438510894
544,1475853315537054061,1475853315538522958
545,1475853315637054920,1475853315638549089
546,1475853315737054109,1475853315738598108
547,1475853315837063074,1475853315838634967
548,1475853315937057971,1475853315938597917
549,1475853316037056922,1475853316038542985
550,1475853316137053966,1475853316138551950
551,1475853316237056970,1475853316238621950
552,1475853316337055921,1475853316338586091
553,1475853316437058925,1475853316438575029
554,1475853316537053108,1475853316538549900
555,1475853316637058973,1475853316638540983
556,1475853316737055063,1475853316738560914
557,1475853316837064981,1475853316838566064
558,1475853316937052011,1475853316938536882
559,1475853317037053108,1475853317038536071
560,1475853317137053012,1475853317138551950
561,1475853317237056970,1475853317238570928
562,1475853317337060928,1475853317338604927
563,1475853317437063932,1475853317438529014
564,1475853317537055015,1475853317538518905
565,1475853317637059926,1475853317638544082
566,1475853317737055063,1475853317738567113
567,1475853317837061882,1475853317838555097
568,1475853317937055110,1475853317938544034
569,1475853318037055969,1475853318038568019
570,1475853318137048959,1475853318138587951
571,1475853318237062931,1475853318238573074
572,1475853318337060928,1475853318338555097
573,1475853318437058925,1475853318438515901
574,1475853318537062883,1475853318538609981
575,1475853318637054920,1475853318638628005
576,1475853318737054109,1475853318738558053
577,1475853318837058067,1475853318838550090
578,1475853318937052965,1475853318938545942
579,1475853319037055969,1475853319038603067
580,1475853319137051105,1475853319138554096
581,1475853319237056970,1475853319238586902
582,1475853319337054967,1475853319338541984
583,1475853319437055110,1475853319438518047
584,1475853319537050962,1475853319538547039
585,1475853319637054920,1475853319638550996
586,1475853319737055063,1475853319738554000
587,1475853319837059020,1475853319838545083
588,1475853319937052011,1475853319938534021
589,1475853320037051916,1475853320038549900
590,1475853320137053012,1475853320138533115
591,1475853320237056016,1475853320238576889
592,1475853320337053060,1475853320338514089
593,1475853320437057971,1475853320438524961
594,1475853320537050008,1475853320538522958
595,1475853320637144088,1475853320638626098
596,1475853320737055063,1475853320738559961
597,1475853320837060928,1475853320838552951
598,1475853320937055110,1475853320938543081
599,1475853321037054061,1475853321038526058
600,1475853321137053966,1475853321138726949
601,1475853321237065076,1475853321238627910
602,1475853321337057113,1475853321338562965
603,1475853321437056064,1475853321438555955
604,1475853321537055969,1475853321538547039
605,1475853321637058019,1475853321638540029
606,1475853321737056970,1475853321738555908
607,1475853321837060928,1475853321838561058
608,1475853321937052965,1475853321938544034
609,1475853322037059068,1475853322038603067
610,1475853322137057065,1475853322138540029
611,1475853322237065076,1475853322238565921
612,1475853322337059020,1475853322338527917
613,1475853322437060117,1475853322438529968
614,1475853322537055015,1475853322538517951
615,1475853322637058019,1475853322638550996
616,1475853322737056016,1475853322738564968
617,1475853322837088108,1475853322838668107
618,1475853322937067985,1475853322938581943
619,1475853323037054061,1475853323038530111
620,1475853323137053966,1475853323138530969
621,1475853323237056016,1475853323238567113
622,1475853323337058067,1475853323338531017
623,1475853323437056064,1475853323438513040
624,1475853323537064075,1475853323538640022
625,1475853323637263059,1475853323638761997
626,1475853323737054109,1475853323738553047
627,1475853323837064027,1475853323838556051
628,1475853323937053918,1475853323938529014
629,1475853324037054061,1475853324038593053
630,1475853324137059926,1475853324138551950
631,1475853324237061023,1475853324238550901
632,1475853324337057113,1475853324338543891
633,1475853324437062025,1475853324438512086
634,1475853324537054061,1475853324538608074
635,1475853324637257099,1475853324638741970
636,1475853324737056016,1475853324738605022
637,1475853324837059020,1475853324838578939
638,1475853324937057971,1475853324938587903
639,1475853325037059068,1475853325038527965
640,1475853325137073040,1475853325138588905
641,1475853325237060070,1475853325238615989
642,1475853325337057113,1475853325338612079
643,1475853325437053918,1475853325438560009
644,1475853325537055969,1475853325538520097
645,1475853325637062072,1475853325638546943
646,1475853325737060070,1475853325738564968
647,1475853325837055921,1475853325838566064
648,1475853325937078952,1475853325938651084
649,1475853326037128925,1475853326038666009
650,1475853326137260913,1475853326138802051
651,1475853326237149000,1475853326238678932
652,1475853326337186098,1475853326338677883
653,1475853326437143087,1475853326438635110
654,1475853326537362098,1475853326538876056
655,1475853326637243986,1475853326638777017
656,1475853326737190008,1475853326738696098
657,1475853326837151050,1475853326838701963
658,1475853326937164068,1475853326938657999
659,1475853327037139892,1475853327038849115
660,1475853327137166023,1475853327138731956
661,1475853327237158060,1475853327238677024
662,1475853327337167978,1475853327338680028
663,1475853327437144041,1475853327438646078
664,1475853327537159919,1475853327538913011
665,1475853327637135982,1475853327638736963
666,1475853327737170934,1475853327738712072
667,1475853327837166070,1475853327838706016
668,1475853327937144041,1475853327938677072
669,1475853328037139892,1475853328038628101
670,1475853328137073993,1475853328138626098
671,1475853328237149000,1475853328238682985
672,1475853328337150096,1475853328338697910
673,1475853328437140941,1475853328438652038
674,1475853328537142992,1475853328538664102
675,1475853328637343883,1475853328638842105
676,1475853328737149000,1475853328738707065
677,1475853328837150096,1475853328838648080
678,1475853328937150001,1475853328938668966
679,1475853329037151098,1475853329038686990
680,1475853329137142896,1475853329138668060
681,1475853329237159967,1475853329238676071
682,1475853329337153911,1475853329338680028
683,1475853329437141895,1475853329438620090
684,1475853329537142992,1475853329538866043
685,1475853329637142896,1475853329638645887
686,1475853329737149000,1475853329738696098
687,1475853329837146997,1475853329838696956
688,1475853329937148094,1475853329938898086
689,1475853330037137985,1475853330038666963
690,1475853330137149095,1475853330138686895
691,1475853330237149953,1475853330238675117
692,1475853330337165117,1475853330338681936
693,1475853330437141895,1475853330438647031
694,1475853330537149906,1475853330538677930
695,1475853330637144088,1475853330638647079
696,1475853330737150907,1475853330738697052
697,1475853330837148904,1475853330838653087
698,1475853330937151908,1475853330938668966
699,1475853331037141084,1475853331038623094
700,1475853331137145042,1475853331138658046
701,1475853331237147092,1475853331238677978
702,1475853331337146997,1475853331338684082
703,1475853331437064886,1475853331438529968
704,1475853331537142992,1475853331538625001
705,1475853331637065887,1475853331638559103
706,1475853331737147092,1475853331738641023
707,1475853331837105989,1475853331838711977
708,1475853331937177896,1475853331938688993
709,1475853332037064075,1475853332038583040
710,1475853332137149095,1475853332138675928
711,1475853332237163066,1475853332238687992
712,1475853332337152004,1475853332338651895
713,1475853332437156915,1475853332438625097
714,1475853332537137031,1475853332538609981
715,1475853332637165069,1475853332638653993
716,1475853332737148046,1475853332738648891
717,1475853332837171077,1475853332838676929
718,1475853332937158107,1475853332938647031
719,1475853333037163972,1475853333038641929
720,1475853333137150049,1475853333138655900
721,1475853333237175941,1475853333238702058
722,1475853333337152004,1475853333338623046
723,1475853333437169075,1475853333438673973
724,1475853333537139892,1475853333538604974
725,1475853333637176990,1475853333638704061
726,1475853333737149000,1475853333738651037
727,1475853333837177991,1475853333838686943
728,1475853333937146902,1475853333938632011
729,1475853334037172079,1475853334038676023
730,1475853334137137889,1475853334138633012
731,1475853334237164974,1475853334238678932
732,1475853334337146997,1475853334338619947
733,1475853334437154054,1475853334438632965
734,1475853334537141084,1475853334538614988
735,1475853334637159109,1475853334638657093
736,1475853334737149000,1475853334738713026
737,1475853334837176084,1475853334838721990
738,1475853334937166929,1475853334938710927
739,1475853335037161111,1475853335038674116
740,1475853335137145042,1475853335138637065
741,1475853335237149000,1475853335238704919
742,1475853335337151050,1475853335338686943
743,1475853335437138080,1475853335438668966
744,1475853335537142038,1475853335538655996
745,1475853335637140035,1475853335638644933
746,1475853335737153053,1475853335738646984
747,1475853335837147951,1475853335838661909
748,1475853335937154054,1475853335938674926
749,1475853336037151098,1475853336038646936
750,1475853336137161016,1475853336138669967
751,1475853336237144947,1475853336238676071
752,1475853336337155103,1475853336338646888
753,1475853336437139987,1475853336438640117
754,1475853336537152051,1475853336538832902
755,1475853336637136936,1475853336638684988
756,1475853336737154960,1475853336738692045
757,1475853336837146043,1475853336838643074
758,1475853336937150955,1475853336938673019
759,1475853337037132978,1475853337038649082
760,1475853337137156963,1475853337138727903
761,1475853337237152099,1475853337238682985
762,1475853337337163925,1475853337338691949
763,1475853337437135934,1475853337438611984
764,1475853337537147045,1475853337538691043
765,1475853337637135982,1475853337638717889
766,1475853337737150907,1475853337738713026
767,1475853337837150096,1475853337838643074
768,1475853337937148094,1475853337938661098
769,1475853338037142992,1475853338038644075
770,1475853338137146949,1475853338138700008
771,1475853338237139940,1475853338238677024
772,1475853338337155103,1475853338338680028
773,1475853338437141895,1475853338438628911
774,1475853338537143945,1475853338538641929
775,1475853338637146949,1475853338638645887
776,1475853338737150907,1475853338738691091
777,1475853338837150096,1475853338838658094
778,1475853338937154054,1475853338938659906
779,1475853339037142038,1475853339038641929
780,1475853339137150049,1475853339138674974
781,1475853339237147092,1475853339238681077
782,1475853339337151050,1475853339338640928
783,1475853339437136888,1475853339438618898
784,1475853339537148952,1475853339538666963
785,1475853339637135982,1475853339638652086
786,1475853339737155914,1475853339738687038
787,1475853339837146043,1475853339838643074
788,1475853339937151908,1475853339938642978
789,1475853340037142992,1475853340038621902
790,1475853340137161016,1475853340138716936
791,1475853340237150907,1475853340238711118
792,1475853340337157011,1475853340338630914
793,1475853340437135934,1475853340438604116
794,1475853340537142038,1475853340538614988
795,1475853340637140035,1475853340638641119
796,1475853340737145900,1475853340738657951
797,1475853340837150096,1475853340838650941
798,1475853340937151908,1475853340938688993
799,1475853341037199974,1475853341038831949
800,1475853341137093067,1475853341138618946
801,1475853341237150907,1475853341238682031
802,1475853341337155103,1475853341338650941
803,1475853341437148094,1475853341438636064
804,1475853341537142992,1475853341538630962
805,1475853341637147903,1475853341638691902
806,1475853341737153053,1475853341738714933
807,1475853341837150096,1475853341838653087
808,1475853341937150001,1475853341938664913
809,1475853342037142992,1475853342038654088
810,1475853342137141942,1475853342138680934
811,1475853342237210035,1475853342238858938
812,1475853342337182998,1475853342338711023
813,1475853342437150001,1475853342438677072
814,1475853342537144899,1475853342538650035
815,1475853342637140989,1475853342638647079
816,1475853342737160921,1475853342738698005
817,1475853342837148904,1475853342838659048
818,1475853342937163114,1475853342938702106
819,1475853343037136077,1475853343038618087
820,1475853343137147903,1475853343138715982
821,1475853343237143039,1475853343238702058
822,1475853343337163925,1475853343338697910
823,1475853343437138080,1475853343438616991
824,1475853343537154912,1475853343538691043
825,1475853343637136936,1475853343638638973
826,1475853343737147092,1475853343738698005
827,1475853343837157011,1475853343838676929
828,1475853343937161922,1475853343938752889
829,1475853344037142992,1475853344038629055
830,1475853344137156009,1475853344138700008
831,1475853344237152099,1475853344238683938
832,1475853344337153911,1475853344338684082
833,1475853344437134981,1475853344438611984
834,1475853344537141084,1475853344538644075
835,1475853344637145042,1475853344638691902
836,1475853344737153053,1475853344738769054
837,1475853344837152004,1475853344838701963
838,1475853344937148094,1475853344938723087
839,1475853345037138938,1475853345038670063
840,1475853345137146949,1475853345138691902
841,1475853345237164974,1475853345238770008
842,1475853345337161064,1475853345338713884
843,1475853345437143087,1475853345438719034
844,1475853345537142992,1475853345538681983
845,1475853345637144088,1475853345638655900
846,1475853345737152099,1475853345738701105
847,1475853345837150096,1475853345838651895
848,1475853345937150955,1475853345938672065
849,1475853346037138938,1475853346038650035
850,1475853346137144088,1475853346138695955
851,1475853346237147092,1475853346238713026
852,1475853346337152957,1475853346338660001
853,1475853346437134027,1475853346438613891
854,1475853346537149906,1475853346538664102
855,1475853346637141942,1475853346638655900
856,1475853346737157106,1475853346738682031
857,1475853346837152957,1475853346838663101
858,1475853346937144994,1475853346938674926
859,1475853347037137985,1475853347038625001
860,1475853347137156963,1475853347138741016
861,1475853347237149953,1475853347238679885
862,1475853347337157964,1475853347338655948
863,1475853347437140941,1475853347438613891
864,1475853347537143945,1475853347538625955
865,1475853347637139081,1475853347638691902
866,1475853347737152099,1475853347738781929
867,1475853347837148904,1475853347838675022
868,1475853347937151908,1475853347938646078
869,1475853348037144899,1475853348038624048
870,1475853348137145996,1475853348138647079
871,1475853348237153053,1475853348238657951
872,1475853348337152004,1475853348338640928
873,1475853348437150955,1475853348438657045
874,1475853348537146091,1475853348538629055
875,1475853348637146949,1475853348638670921
876,1475853348737147092,1475853348738665103
877,1475853348837147951,1475853348838656902
878,1475853348937148094,1475853348938646078
879,1475853349037143945,1475853349038628101
880,1475853349137145996,1475853349138645887
881,1475853349237149000,1475853349238668918
882,1475853349337155103,1475853349338641881
883,1475853349437131881,1475853349438618898
884,1475853349537147045,1475853349538638114
885,1475853349637142896,1475853349638639926
886,1475853349737138986,1475853349738667011
887,1475853349837152004,1475853349838670015
888,1475853349937149047,1475853349938851118
889,1475853350037137031,1475853350038646936
890,1475853350137142896,1475853350138668060
891,1475853350237145900,1475853350238658905
892,1475853350337162017,1475853350338654994
893,1475853350437134027,1475853350438613891
894,1475853350537148952,1475853350538630008
895,1475853350637140035,1475853350638645887
896,1475853350737143039,1475853350738665103
897,1475853350837194919,1475853350838805913
898,1475853350937176942,1475853350938694953
899,1475853351037144899,1475853351038661003
900,1475853351137146949,1475853351138664960
901,1475853351237153053,1475853351238683938
902,1475853351337148904,1475853351338646888
903,1475853351437134981,1475853351438628911
904,1475853351537153005,1475853351538655042
905,1475853351637139081,1475853351638658046
906,1475853351737238883,1475853351738742113
907,1475853351837145090,1475853351838640928
908,1475853351937146902,1475853351938638925
909,1475853352037141084,1475853352038619041
910,1475853352137159109,1475853352138673067
911,1475853352237199068,1475853352238984107
912,1475853352337192058,1475853352338720083
913,1475853352437150001,1475853352438652992
914,1475853352537142992,1475853352538633108
915,1475853352637142896,1475853352638662099
916,1475853352737143039,1475853352738683938
917,1475853352837157011,1475853352838696956
918,1475853352937149047,1475853352938640117
919,1475853353037148952,1475853353038628101
920,1475853353137145996,1475853353138664960
921,1475853353237143039,1475853353238629102
922,1475853353337152004,1475853353338660001
923,1475853353437141895,1475853353438633918
924,1475853353537144899,1475853353538672924
925,1475853353637141942,1475853353638653039
926,1475853353737144947,1475853353738671064
927,1475853353837150096,1475853353838658094
928,1475853353937155008,1475853353938647031
929,1475853354037147998,1475853354038631916
930,1475853354137154102,1475853354138669013
931,1475853354237143039,1475853354238683938
932,1475853354337157964,1475853354338692903
933,1475853354437143087,1475853354438638925
934,1475853354537152051,1475853354538661956
935,1475853354637155055,1475853354638676881
936,1475853354737140893,1475853354738629102
937,1475853354837151050,1475853354838721990
938,1475853354937155008,1475853354938679933
939,1475853355037142992,1475853355038712024
940,1475853355137147903,1475853355138670921
941,1475853355237149953,1475853355238641977
942,1475853355337152957,1475853355338692903
943,1475853355437155008,1475853355438668012
944,1475853355537146091,1475853355538665056
945,1475853355637150049,1475853355638645887
946,1475853355737143039,1475853355738678932
947,1475853355837146043,1475853355838696956
948,1475853355937150955,1475853355938658952
949,1475853356037143945,1475853356038621902
950,1475853356137145996,1475853356138674020
951,1475853356237145900,1475853356238642930
952,1475853356337148904,1475853356338659048
953,1475853356437144994,1475853356438617944
954,1475853356537138938,1475853356538660049
955,1475853356637145042,1475853356638649940
956,1475853356737150907,1475853356738646984
957,1475853356837158918,1475853356838674068
958,1475853356937151908,1475853356938652992
959,1475853357037152051,1475853357038625955
960,1475853357137140035,1475853357138684034
961,1475853357237159967,1475853357238734006
962,1475853357337146043,1475853357338691949
963,1475853357437161922,1475853357438668012
964,1475853357537136077,1475853357538616895
965,1475853357637161016,1475853357638716936
966,1475853357737144947,1475853357738689899
967,1475853357837179899,1475853357838706970
968,1475853357937150955,1475853357938642978
969,1475853358037180900,1475853358038700103
970,1475853358137172937,1475853358138683080
971,1475853358237184047,1475853358238686084
972,1475853358337146997,1475853358338660955
973,1475853358437175989,1475853358438659906
974,1475853358537138938,1475853358538626909
975,1475853358637178897,1475853358638712882
976,1475853358737138032,1475853358738702058
977,1475853358837182044,1475853358838763952
978,1475853358937151908,1475853358938652038
979,1475853359037163019,1475853359038654088
980,1475853359137147903,1475853359138664960
981,1475853359237159013,1475853359238671064
982,1475853359337148904,1475853359338663101
983,1475853359437161922,1475853359438657999
984,1475853359537143945,1475853359538666963
985,1475853359637161016,1475853359638694047
986,1475853359737143993,1475853359738636970
987,1475853359837208986,1475853359838859081
988,1475853359937180042,1475853359938685894
989,1475853360037142038,1475853360038659095
990,1475853360137142896,1475853360138670921
991,1475853360237143993,1475853360238682031
992,1475853360337146997,1475853360338653087
993,1475853360437146902,1475853360438674926
994,1475853360537139892,1475853360538609027
995,1475853360637146949,1475853360638772964
996,1475853360737142086,1475853360738631963
997,1475853360837156057,1475853360838715076
998,1475853360937150955,1475853360938644886
999,1475853361037147998,1475853361038671016
