0,1475853521481096029,1475853521486637115
1,1475853521481662988,1475853521487142086
2,1475853521482029914,1475853521487607955
3,1475853521482477903,1475853521487670898
4,1475853521482994079,1475853521487986087
5,1475853521483392953,1475853521488143920
6,1475853521483750104,1475853521489725112
7,1475853521484096050,1475853521490160942
8,1475853521484447956,1475853521490695953
9,1475853521484792947,1475853521490971088
10,1475853521485141038,1475853521491646051
11,1475853521485486984,1475853521492305994
12,1475853521485831022,1475853521493153095
13,1475853521486175060,1475853521493937969
14,1475853521487001895,1475853521494019985
15,1475853521488529920,1475853521494077920
16,1475853521488905906,1475853521494137048
17,1475853521489250898,1475853521494599103
18,1475853521489878892,1475853521494657993
19,1475853521490561008,1475853521494713068
20,1475853521491378068,1475853521494765996
21,1475853521492039918,1475853521494935989
22,1475853521495173931,1475853521496244907
23,1475853521495620012,1475853521497236967
24,1475853521495980978,1475853521497823953
25,1475853521496638059,1475853521498409032
26,1475853521497028112,1475853521498891115
27,1475853521497721910,1475853521499481916
28,1475853521498680114,1475853521500365018
29,1475853521499382019,1475853521501365900
30,1475853521499983072,1475853521502427101
31,1475853521500602006,1475853521502995014
32,1475853521500965118,1475853521503432989
33,1475853521501702070,1475853521503879070
34,1475853521502105951,1475853521504395961
35,1475853521503201961,1475853521504870891
36,1475853521504117965,1475853521505481004
37,1475853521505057096,1475853521506210088
38,1475853521505718946,1475853521507190942
39,1475853521506333112,1475853521508128881
40,1475853521506805896,1475853521508682966
41,1475853521507512092,1475853521509188890
42,1475853521507914066,1475853521509907007
43,1475853521508853912,1475853521510375976
44,1475853521509571075,1475853521511323928
45,1475853521510550975,1475853521512280941
46,1475853521510922908,1475853521513130903
47,1475853521511564016,1475853521513586044
48,1475853521512013912,1475853521514031887
49,1475853521512680053,1475853521514615058
50,1475853521513441085,1475853521515115022
51,1475853521514398097,1475853521516108989
52,1475853521515332937,1475853521517091035
53,1475853521515708923,1475853521518033981
54,1475853521516334056,1475853521518975019
55,1475853521516697883,1475853521519444942
56,1475853521517426013,1475853521520005941
57,1475853521517863988,1475853521520267009
58,1475853521518533945,1475853521520566940
59,1475853521519170999,1475853521521066904
60,1475853521519875049,1475853521522068023
61,1475853521520955085,1475853521523111104
62,1475853521521564006,1475853521523600101
63,1475853521521961927,1475853521524255037
64,1475853521522608041,1475853521524755001
65,1475853521523394107,1475853521525336980
66,1475853521524091005,1475853521525974988
67,1475853521525080919,1475853521526926040
68,1475853521525691986,1475853521527889966
69,1475853521526356935,1475853521528811931
70,1475853521526720046,1475853521529804944
71,1475853521527369022,1475853521530704975
72,1475853521527767896,1475853521531460046
73,1475853521528384923,1475853521531949996
74,1475853521529032945,1475853521532390117
75,1475853521529400110,1475853521533572912
76,1475853521530062913,1475853521533993959
77,1475853521530436038,1475853521534279108
78,1475853521531177997,1475853521534343957
79,1475853521532177925,1475853521534989118
80,1475853521532936096,1475853521535624980
81,1475853521533302068,1475853521536267042
82,1475853521534559011,1475853521537022113
83,1475853521535228013,1475853521537318944
84,1475853521536091089,1475853521537818908
85,1475853521536701917,1475853521538465976
86,1475853521537614107,1475853521539056062
87,1475853521538357019,1475853521539741039
88,1475853521539251089,1475853521540395021
89,1475853521539937973,1475853521541091918
90,1475853521540621042,1475853521541563034
91,1475853521541304111,1475853521543029069
92,1475853521541912078,1475853521543529987
93,1475853521542304039,1475853521544586896
94,1475853521542705059,1475853521545679092
95,1475853521543678998,1475853521546497106
96,1475853521544060945,1475853521546804904
97,1475853521544461011,1475853521546982049
98,1475853521545173883,1475853521547539949
99,1475853521545573949,1475853521548585891
100,1475853521546196937,1475853521549442052
101,1475853521547332048,1475853521550504922
102,1475853521547986984,1475853521551119089
103,1475853521548351049,1475853521551605939
104,1475853521549005031,1475853521552252054
105,1475853521549648046,1475853521552727937
106,1475853521550015926,1475853521553266048
107,1475853521550688028,1475853521553807973
108,1475853521551340103,1475853521554606914
109,1475853521552006959,1475853521554902076
110,1475853521553061962,1475853521555607080
111,1475853521554003953,1475853521556197881
112,1475853521554438114,1475853521556536912
113,1475853521555268049,1475853521556715965
114,1475853521555957078,1475853521557399988
115,1475853521557105064,1475853521558167934
116,1475853521557770013,1475853521558962106
117,1475853521558425903,1475853521559740066
118,1475853521558841943,1475853521560857057
119,1475853521559454917,1475853521561305999
120,1475853521560081958,1475853521561546087
121,1475853521560563087,1475853521562091112
122,1475853521561697959,1475853521562834978
123,1475853521562355995,1475853521563313007
124,1475853521563071966,1475853521565262079
125,1475853521563720941,1475853521566025972
126,1475853521564080953,1475853521566713094
127,1475853521564425945,1475853521567244052
128,1475853521564811944,1475853521567667961
129,1475853521565447092,1475853521567857980
130,1475853521565814018,1475853521568026065
131,1475853521566458940,1475853521568191051
132,1475853521567523002,1475853521569078922
133,1475853521568670034,1475853521569880008
134,1475853521569334030,1475853521570636034
135,1475853521569750070,1475853521571796894
136,1475853521570363998,1475853521572593927
137,1475853521571003913,1475853521573342084
138,1475853521571391105,1475853521574141979
139,1475853521572026014,1475853521574882984
140,1475853521572434902,1475853521575656890
141,1475853521573088884,1475853521576433897
142,1475853521573740959,1475853521577176094
143,1475853521574376106,1475853521577898025
144,1475853521575018882,1475853521578759908
145,1475853521575397014,1475853521579185962
146,1475853521576033115,1475853521579556941
147,1475853521576678037,1475853521579807043
148,1475853521577316999,1475853521579866886
149,1475853521577694892,1475853521580038070
150,1475853521578454017,1475853521580205917
151,1475853521580303907,1475853521581007957
152,1475853521580784082,1475853521581723928
153,1475853521581444025,1475853521582946062
154,1475853521582067012,1475853521583973884
155,1475853521582459926,1475853521584728956
156,1475853521583174943,1475853521585503101
157,1475853521583589076,1475853521585705041
158,1475853521584240913,1475853521586230993
159,1475853521584897994,1475853521586468935
160,1475853521585345029,1475853521586879968
161,1475853521586688041,1475853521587734937
162,1475853521587332010,1475853521588530063
163,1475853521587989091,1475853521589286088
164,1475853521588406085,1475853521590383052
165,1475853521589015960,1475853521590821027
166,1475853521589649915,1475853521591005086
167,1475853521590111970,1475853521591173887
168,1475853521591322898,1475853521596107959
169,1475853521591701984,1475853521596613883
170,1475853521592055082,1475853521596820116
171,1475853521592401981,1475853521597490072
172,1475853521592751979,1475853521597785949
173,1475853521594866037,1475853521597851991
174,1475853521595277070,1475853521598094940
175,1475853521595814943,1475853521598521947
176,1475853521597167015,1475853521598800897
177,1475853521598709106,1475853521599724054
178,1475853521599313974,1475853521600471973
179,1475853521599977970,1475853521601216077
180,1475853521600625991,1475853521601931095
181,1475853521601000070,1475853521602178096
182,1475853521601771116,1475853521606266975
183,1475853521602591991,1475853521607043981
184,1475853521602996110,1475853521607285976
185,1475853521603343963,1475853521607826948
186,1475853521603689908,1475853521608573913
187,1475853521604036092,1475853521609311103
188,1475853521604379892,1475853521610089063
189,1475853521604723930,1475853521610862970
190,1475853521605066061,1475853521611360073
191,1475853521605443000,1475853521611579895
192,1475853521605829954,1475853521611638069
193,1475853521606488943,1475853521611803054
194,1475853521606935977,1475853521612299919
195,1475853521608022928,1475853521612934112
196,1475853521608439922,1475853521613184928
197,1475853521609050989,1475853521613490104
198,1475853521609688043,1475853521613548994
199,1475853521610479116,1475853521613603115
200,1475853521612034082,1475853521613656997
201,1475853521612725019,1475853521616255044
202,1475853521614057064,1475853521616878032
203,1475853521614418983,1475853521617211103
204,1475853521614765882,1475853521617280006
205,1475853521615111112,1475853521617341041
206,1475853521615457057,1475853521617569923
207,1475853521616100072,1475853521617743968
208,1475853521617840051,1475853521618670940
209,1475853521618271112,1475853521619076013
210,1475853521619220972,1475853521620023965
211,1475853521619633913,1475853521620763063
212,1475853521620321989,1475853521621613979
213,1475853521621035099,1475853521622338056
214,1475853521621404886,1475853521623159885
215,1475853521622066020,1475853521623927116
216,1475853521622735023,1475853521624212980
217,1475853521623526096,1475853521624660968
218,1475853521624463081,1475853521625521898
219,1475853521625111103,1475853521626277923
220,1475853521625812053,1475853521627026081
221,1475853521626552104,1475853521627393007
222,1475853521627286911,1475853521628638029
223,1475853521627872943,1475853521629242897
224,1475853521628295898,1475853521629574060
225,1475853521629074096,1475853521632461071
226,1475853521629920959,1475853521633138895
227,1475853521630280017,1475853521633563995
228,1475853521630625963,1475853521633760929
229,1475853521630973100,1475853521634336948
230,1475853521631319999,1475853521635138988
231,1475853521631664991,1475853521635833978
232,1475853521632051944,1475853521636604070
233,1475853521632707118,1475853521636796951
234,1475853521633925914,1475853521636965990
235,1475853521634598016,1475853521637305021
236,1475853521635019063,1475853521637712001
237,1475853521635627985,1475853521637938022
238,1475853521637089014,1475853521638434886
239,1475853521638144016,1475853521638981103
240,1475853521638829946,1475853521641999006
241,1475853521639421939,1475853521642769098
242,1475853521639775991,1475853521643420934
243,1475853521640121936,1475853521643606901
244,1475853521640466928,1475853521644072055
245,1475853521640810012,1475853521644385099
246,1475853521641175985,1475853521644449949
247,1475853521641557931,1475853521644510984
248,1475853521642334938,1475853521644860029
249,1475853521643146991,1475853521644917964
250,1475853521644666910,1475853521645845890
251,1475853521645396947,1475853521646631956
252,1475853521646056890,1475853521647340059
253,1475853521646462917,1475853521647589921
254,1475853521647130012,1475853521648432016
255,1475853521648036003,1475853521649199008
256,1475853521648696899,1475853521650296926
257,1475853521649374008,1475853521651357889
258,1475853521649744987,1475853521651933908
259,1475853521650137901,1475853521652503967
260,1475853521650751113,1475853521653264999
261,1475853521651135921,1475853521653513908
262,1475853521652120113,1475853521653814077
263,1475853521652781009,1475853521654489040
264,1475853521653945922,1475853521655330896
265,1475853521654642105,1475853521656156063
266,1475853521655023097,1475853521657145023
267,1475853521655647039,1475853521657757043
268,1475853521656050920,1475853521658354043
269,1475853521656739950,1475853521658827066
270,1475853521657542943,1475853521659399032
271,1475853521658509969,1475853521660015106
272,1475853521659261941,1475853521660677909
273,1475853521660206079,1475853521661217927
274,1475853521660893917,1475853521662106990
275,1475853521661608934,1475853521662714004
276,1475853521662297964,1475853521663449048
277,1475853521663019895,1475853521664537906
278,1475853521663696050,1475853521665251016
279,1475853521664074897,1475853521665709972
280,1475853521664757966,1475853521666348934
281,1475853521665421962,1475853521666871070
282,1475853521666111946,1475853521667851924
283,1475853521667097091,1475853521669629096
284,1475853521667584896,1475853521670463085
285,1475853521668216943,1475853521671551942
286,1475853521668600082,1475853521672610044
287,1475853521668971061,1475853521673623085
288,1475853521669321060,1475853521674601078
289,1475853521669965028,1475853521674796104
290,1475853521670618057,1475853521675059080
291,1475853521670990943,1475853521676554918
292,1475853521671344041,1475853521677356958
293,1475853521671993970,1475853521677799940
294,1475853521672348022,1475853521679012060
295,1475853521673135995,1475853521679511070
296,1475853521673791885,1475853521680008888
297,1475853521674165964,1475853521680815935
298,1475853521675465106,1475853521681303977
299,1475853521675829887,1475853521681682109
300,1475853521676177978,1475853521681747913
301,1475853521676815032,1475853521681807994
302,1475853521677535057,1475853521681988954
303,1475853521678155899,1475853521682529926
304,1475853521678539037,1475853521682974100
305,1475853521679341077,1475853521683048009
306,1475853521680233001,1475853521683109998
307,1475853521680646896,1475853521683170080
308,1475853521682138919,1475853521683641910
309,1475853521683419942,1475853521685961008
310,1475853521684118032,1475853521687011003
311,1475853521684473991,1475853521688083887
312,1475853521684837102,1475853521688640117
313,1475853521685216903,1475853521689121007
314,1475853521685570001,1475853521689713954
315,1475853521686218976,1475853521690325021
316,1475853521686585903,1475853521690882921
317,1475853521687226057,1475853521691494941
318,1475853521687637090,1475853521692128896
319,1475853521688281059,1475853521692671060
320,1475853521688966989,1475853521693480014
321,1475853521689611911,1475853521693769931
322,1475853521690496921,1475853521694222927
323,1475853521691160917,1475853521694835901
324,1475853521691880941,1475853521695492982
325,1475853521692569971,1475853521695905923
326,1475853521693267107,1475853521696592092
327,1475853521694432020,1475853521697185993
328,1475853521695090055,1475853521697714090
329,1475853521695754051,1475853521698319911
330,1475853521696378946,1475853521699269056
331,1475853521697403907,1475853521699870109
332,1475853521698059082,1475853521702847003
333,1475853521700289964,1475853521703689098
334,1475853521700671911,1475853521704118013
335,1475853521701020956,1475853521704510927
336,1475853521701368093,1475853521705015897
337,1475853521701714992,1475853521705600023
338,1475853521702141046,1475853521706331014
339,1475853521702532052,1475853521706794023
340,1475853521705362081,1475853521707391023
341,1475853521706048965,1475853521708003044
342,1475853521707006931,1475853521708697080
343,1475853521707674026,1475853521709531068
344,1475853521708357095,1475853521710185050
345,1475853521709037065,1475853521710666894
346,1475853521709734916,1475853521711258888
347,1475853521710391998,1475853521712323904
348,1475853521711046934,1475853521712832927
349,1475853521711699008,1475853521713795900
350,1475853521712112903,1475853521715864896
351,1475853521713109970,1475853521719324111
352,1475853521713510990,1475853521719887971
353,1475853521714127063,1475853521723145961
354,1475853521714534997,1475853521723217964
355,1475853521714891910,1475853521723278999
356,1475853521715243101,1475853521723814964
357,1475853521715593099,1475853521724009037
358,1475853521716192007,1475853521727823019
359,1475853521716595888,1475853521728797912
360,1475853521716952085,1475853521730503082
361,1475853521717302083,1475853521730700969
362,1475853521717650890,1475853521732701063
363,1475853521718031883,1475853521732939004
364,1475853521718388080,1475853521734934091
365,1475853521718735933,1475853521736076116
366,1475853521719084978,1475853521737095117
367,1475853521719604969,1475853521741986036
368,1475853521720218896,1475853521743278026
369,1475853521720587015,1475853521743382930
370,1475853521720940113,1475853521743446111
371,1475853521721288919,1475853521743508100
372,1475853521721637010,1475853521743563890
373,1475853521722022056,1475853521743654012
374,1475853521722379922,1475853521748027086
375,1475853521722732067,1475853521752794027
376,1475853521723592042,1475853521752904891
377,1475853521724364042,1475853521753195047
378,1475853521724734067,1475853521754573106
379,1475853521725085973,1475853521754645109
380,1475853521725436925,1475853521754702091
381,1475853521725822925,1475853521754760980
382,1475853521726180076,1475853521754822015
383,1475853521726527929,1475853521754878044
384,1475853521726876974,1475853521754934072
385,1475853521727226972,1475853521754992008
386,1475853521727608919,1475853521755052089
387,1475853521728200912,1475853521756655931
388,1475853521728562116,1475853521757606983
389,1475853521729156017,1475853521758162021
390,1475853521729559898,1475853521760586023
391,1475853521729919910,1475853521762950897
392,1475853521730271100,1475853521764799118
393,1475853521731005907,1475853521766371965
394,1475853521731374025,1475853521766441106
395,1475853521731765985,1475853521770432949
396,1475853521732117891,1475853521770730018
397,1475853521732470035,1475853521770793914
398,1475853521733275890,1475853521770853996
399,1475853521733648061,1475853521771235942
400,1475853521733999967,1475853521771301984
401,1475853521734353065,1475853521771358966
402,1475853521734702110,1475853521771419048
403,1475853521735316038,1475853521771477937
404,1475853521735832929,1475853521773771047
405,1475853521736500978,1475853521773998022
406,1475853521736865043,1475853521775067090
407,1475853521737373113,1475853521775135993
408,1475853521737791061,1475853521775223016
409,1475853521738207101,1475853521775283098
410,1475853521738559007,1475853521775341987
411,1475853521738904953,1475853521780692100
412,1475853521739254951,1475853521781162023
413,1475853521739603996,1475853521781230926
414,1475853521739989042,1475853521781294107
415,1475853521740351915,1475853521781351089
416,1475853521740704059,1475853521781409978
417,1475853521741055965,1475853521781470060
418,1475853521741403102,1475853521781596899
419,1475853521741751909,1475853521783520936
420,1475853521742309093,1475853521783590078
421,1475853521742665052,1475853521783653020
422,1475853521743937015,1475853521783711910
423,1475853521744339942,1475853521783771038
424,1475853521744700908,1475853521783829927
425,1475853521745055913,1475853521784079074
426,1475853521745405912,1475853521784142017
427,1475853521745755910,1475853521784519910
428,1475853521746104001,1475853521784581899
429,1475853521746453046,1475853521784643888
430,1475853521746800899,1475853521784701108
431,1475853521747186899,1475853521784756898
432,1475853521747538089,1475853521784815073
433,1475853521747886896,1475853521787722110
434,1475853521748342037,1475853521791979074
435,1475853521748707056,1475853521793814897
436,1475853521749056100,1475853521793884992
437,1475853521749439954,1475853521793945074
438,1475853521749834060,1475853521794147968
439,1475853521750191926,1475853521795099020
440,1475853521750577926,1475853521795171976
441,1475853521750931978,1475853521795229911
442,1475853521751282930,1475853521795289993
443,1475853521751630067,1475853521795348882
444,1475853521751982927,1475853521796200037
445,1475853521752363920,1475853521796266078
446,1475853521752716064,1475853521796528100
447,1475853521753587961,1475853521796807050
448,1475853521753994941,1475853521796873092
449,1475853521755366086,1475853521796933889
450,1475853521755728960,1475853521797796010
451,1475853521756079912,1475853521798041105
452,1475853521756428956,1475853521798106908
453,1475853521757013082,1475853521798427104
454,1475853521757373094,1475853521801553010
455,1475853521757884025,1475853521801815032
456,1475853521758461952,1475853521804904937
457,1475853521758821964,1475853521804975986
458,1475853521759213924,1475853521805038928
459,1475853521759567022,1475853521805094957
460,1475853521759917020,1475853521805155038
461,1475853521760341882,1475853521805214881
462,1475853521760900974,1475853521805799961
463,1475853521761260986,1475853521807467937
464,1475853521761611938,1475853521807533979
465,1475853521761960983,1475853521807594060
466,1475853521762342929,1475853521807652950
467,1475853521762696981,1475853521807713985
468,1475853521763336896,1475853521810722112
469,1475853521763698101,1475853521810795068
470,1475853521764049053,1475853521810854911
471,1475853521764395952,1475853521810916900
472,1475853521765089988,1475853521810976028
473,1475853521765489101,1475853521811192035
474,1475853521765880107,1475853521813863992
475,1475853521766233921,1475853521813937902
476,1475853521766788959,1475853521813998937
477,1475853521767190933,1475853521814059972
478,1475853521767545938,1475853521814120054
479,1475853521767930030,1475853521814178943
480,1475853521768323898,1475853521814237117
481,1475853521768682003,1475853521814296960
482,1475853521769032001,1475853521814356088
483,1475853521769412040,1475853521814414978
484,1475853521769804000,1475853521814474105
485,1475853521770190954,1475853521814533948
486,1475853521771858930,1475853521814591884
487,1475853521772222042,1475853521814651012
488,1475853521772572994,1475853521814708948
489,1475853521772958993,1475853521816351890
490,1475853521773350954,1475853521816545963
491,1475853521773705005,1475853521818522930
492,1475853521774676084,1475853521820686101
493,1475853521775652885,1475853521821758985
494,1475853521776017904,1475853521824503898
495,1475853521776367902,1475853521824765920
496,1475853521776716947,1475853521824861049
497,1475853521777134895,1475853521826330900
498,1475853521777595043,1475853521826431035
499,1475853521777959108,1475853521826494932
500,1475853521778311014,1475853521826555013
501,1475853521778692007,1475853521826616048
502,1475853521779053926,1475853521826675891
503,1475853521779403924,1475853521826735019
504,1475853521779753923,1475853521827776908
505,1475853521780102968,1475853521828329086
506,1475853521780452013,1475853521828612089
507,1475853521781925916,1475853521829221963
508,1475853521782304048,1475853521831278085
509,1475853521782663106,1475853521832181930
510,1475853521783054113,1475853521832381963
511,1475853521785142898,1475853521833111047
512,1475853521785571098,1475853521834748983
513,1475853521786065101,1475853521835318088
514,1475853521786432981,1475853521835819005
515,1475853521786791086,1475853521835884094
516,1475853521787142992,1475853521835947036
517,1475853521787492036,1475853521836003065
518,1475853521788007020,1475853521836061954
519,1475853521788358926,1475853521836122989
520,1475853521788706064,1475853521836179018
521,1475853521789099931,1475853521836364984
522,1475853521789450883,1475853521836622953
523,1475853521789799928,1475853521836687088
524,1475853521790226936,1475853521838105916
525,1475853521790585994,1475853521838869094
526,1475853521790936946,1475853521838937997
527,1475853521791610002,1475853521838999032
528,1475853521792373895,1475853521839057922
529,1475853521792738914,1475853521839118957
530,1475853521793137073,1475853521841321945
531,1475853521793487071,1475853521844233036
532,1475853521794532060,1475853521844300985
533,1475853521795705080,1475853521844362020
534,1475853521796070098,1475853521846276998
535,1475853521797255992,1475853521847259998
536,1475853521797632932,1475853521847323894
537,1475853521798836946,1475853521847383975
538,1475853521799236059,1475853521847501039
539,1475853521799591064,1475853521847559928
540,1475853521799942016,1475853521848208904
541,1475853521800291061,1475853521848278045
542,1475853521800648927,1475853521848337888
543,1475853521801035881,1475853521848398923
544,1475853521801392078,1475853521848458051
545,1475853521802244901,1475853521848516941
546,1475853521802611112,1475853521848576068
547,1475853521803003072,1475853521848637104
548,1475853521803350925,1475853521848695993
549,1475853521803699970,1475853521848754882
550,1475853521804121971,1475853521851206064
551,1475853521804471969,1475853521851278066
552,1475853521805547952,1475853521851339101
553,1475853521806143045,1475853521851399898
554,1475853521806509017,1475853521851459026
555,1475853521806862115,1475853521851517915
556,1475853521808032989,1475853521851577043
557,1475853521808403015,1475853521852001905
558,1475853521808749914,1475853521852065086
559,1475853521809101104,1475853521852839946
560,1475853521809484958,1475853521852946996
561,1475853521809834957,1475853521853008031
562,1475853521810190916,1475853521853444099
563,1475853521810573101,1475853521855103969
564,1475853521811522006,1475853521857542037
565,1475853521811896085,1475853521858609914
566,1475853521812251091,1475853521859266996
567,1475853521812601089,1475853521859426975
568,1475853521812995910,1475853521859494924
569,1475853521815041065,1475853521859553098
570,1475853521815412044,1475853521859610080
571,1475853521815763950,1475853521859668016
572,1475853521816112995,1475853521859729051
573,1475853521816874980,1475853521859786033
574,1475853521817238092,1475853521859844923
575,1475853521817589998,1475853521859903097
576,1475853521817944049,1475853521860420942
577,1475853521818294048,1475853521861119985
578,1475853521818799018,1475853521861474990
579,1475853521819287061,1475853521861967086
580,1475853521819648027,1475853521862031936
581,1475853521820005893,1475853521862095117
582,1475853521820388078,1475853521862150907
583,1475853521821175098,1475853521862207889
584,1475853521821537971,1475853521862267017
585,1475853521822047948,1475853521862329006
586,1475853521822491884,1475853521862384080
587,1475853521822844028,1475853521862678050
588,1475853521823230981,1475853521863358020
589,1475853521823577880,1475853521863723039
590,1475853521823925971,1475853521865955114
591,1475853521824275970,1475853521866025924
592,1475853521825195074,1475853521868994951
593,1475853521825567007,1475853521869064092
594,1475853521825922012,1475853521869127035
595,1475853521827177047,1475853521869183063
596,1475853521827538967,1475853521869241952
597,1475853521828051090,1475853521869301080
598,1475853521828926086,1475853521870073080
599,1475853521829967975,1475853521870141029
600,1475853521830343961,1475853521870198965
601,1475853521830697059,1475853521870258092
602,1475853521831044912,1475853521870320081
603,1475853521831597089,1475853521870376110
604,1475853521831953048,1475853521870431900
605,1475853521832758903,1475853521870491027
606,1475853521833445072,1475853521871900081
607,1475853521833816051,1475853521871969938
608,1475853521834167957,1475853521872028112
609,1475853521834520101,1475853521872087001
610,1475853521835025072,1475853521872148036
611,1475853521837047100,1475853521872205018
612,1475853521837412118,1475853521872261047
613,1475853521837786912,1475853521872319936
614,1475853521838449954,1475853521873311042
615,1475853521839456081,1475853521874845027
616,1475853521839939117,1475853521876173973
617,1475853521840368986,1475853521878776073
618,1475853521840795040,1475853521878846883
619,1475853521841154098,1475853521880063056
620,1475853521841679096,1475853521880127906
621,1475853521842030048,1475853521880810022
622,1475853521842380046,1475853521880877971
623,1475853521842730998,1475853521880939960
624,1475853521843122959,1475853521881000041
625,1475853521843549966,1475853521881058931
626,1475853521843908071,1475853521881119966
627,1475853521844640016,1475853521881177902
628,1475853521844994068,1475853521881233930
629,1475853521845343112,1475853521881293058
630,1475853521846754074,1475853521881352901
631,1475853521847120046,1475853521881409883
632,1475853521849070072,1475853521881469011
633,1475853521849472999,1475853521884357929
634,1475853521849833965,1475853521884433031
635,1475853521850260019,1475853521884494066
636,1475853521850687026,1475853521884552955
637,1475853521852341890,1475853521884612083
638,1475853521852700948,1475853521884670972
639,1475853521853307962,1475853521884727001
640,1475853521853919029,1475853521884785890
641,1475853521854391098,1475853521884846925
642,1475853521854742050,1475853521885605096
643,1475853521855443000,1475853521885672092
644,1475853521855901956,1475853521885731935
645,1475853521856254100,1475853521885791063
646,1475853521856604099,1475853521886697053
647,1475853521856957912,1475853521886764049
648,1475853521857310056,1475853521886823892
649,1475853521857819080,1475853521886883020
650,1475853521858443975,1475853521886943101
651,1475853521860240936,1475853521887001991
652,1475853521860693931,1475853521887059926
653,1475853521861047983,1475853521887118101
654,1475853521863054037,1475853521887176990
655,1475853521863637924,1475853521891782045
656,1475853521864161968,1475853521892034053
657,1475853521864520072,1475853521892829895
658,1475853521864871978,1475853521892939090
659,1475853521865221023,1475853521892999887
660,1475853521865571975,1475853521893059968
661,1475853521866388082,1475853521893121004
662,1475853521866755008,1475853521893179893
663,1475853521867141008,1475853521893238067
664,1475853521867489099,1475853521893296957
665,1475853521867844104,1475853521893357992
666,1475853521868199110,1475853521893416881
667,1475853521868546009,1475853521893476009
668,1475853521869616031,1475853521893537044
669,1475853521871028900,1475853521893594980
670,1475853521871388912,1475853521893651008
671,1475853521872647047,1475853521895539045
672,1475853521873478889,1475853521896158933
673,1475853521873863935,1475853521896222114
674,1475853521874221086,1475853521896282911
675,1475853521874571084,1475853521896346092
676,1475853521875194072,1475853521896403074
677,1475853521875554084,1475853521896461009
678,1475853521875904083,1475853521896519899
679,1475853521876476049,1475853521896579027
680,1475853521876828908,1475853521897018909
681,1475853521877293109,1475853521897083044
682,1475853521877667903,1475853521897434949
683,1475853521878022909,1475853521897499084
684,1475853521878376007,1475853521897558927
685,1475853521879117012,1475853521897860050
686,1475853521879472017,1475853521897924900
687,1475853521879931926,1475853521897984981
688,1475853521881798982,1475853521898461103
689,1475853521882164955,1475853521898740053
690,1475853521882514953,1475853521898803949
691,1475853521882898092,1475853521898864984
692,1475853521883251905,1475853521899043083
693,1475853521883692979,1475853521899378061
694,1475853521886082887,1475853521902848958
695,1475853521886560916,1475853521903099060
696,1475853521887543916,1475853521904658079
697,1475853521887902975,1475853521904726982
698,1475853521888250112,1475853521904788970
699,1475853521888597965,1475853521904849052
700,1475853521888947010,1475853521904907941
701,1475853521889372110,1475853521904968023
702,1475853521889837980,1475853521906583070
703,1475853521890192031,1475853521907027959
704,1475853521890537977,1475853521907092094
705,1475853521890885114,1475853521907152891
706,1475853521891235113,1475853521907215118
707,1475853521891607046,1475853521907270908
708,1475853521893980026,1475853521907329082
709,1475853521894347906,1475853521916204929
710,1475853521894821882,1475853521916275024
711,1475853521895298004,1475853521916335105
712,1475853521896934032,1475853521918989896
713,1475853521898298025,1475853521919061899
714,1475853521899713039,1475853521919125080
715,1475853521900079965,1475853521919841051
716,1475853521900461912,1475853521919903039
717,1475853521900810956,1475853521919962882
718,1475853521901163101,1475853521920023918
719,1475853521901518106,1475853521920079946
720,1475853521901870012,1475853521920684099
721,1475853521902218103,1475853521920749902
722,1475853521902569055,1475853521920999050
723,1475853521903419017,1475853521923437118
724,1475853521903794050,1475853521925457000
725,1475853521904218912,1475853521929987907
726,1475853521905281066,1475853521930197954
727,1475853521905647993,1475853521932204961
728,1475853521906002998,1475853521932301998
729,1475853521906352996,1475853521934747934
730,1475853521907641887,1475853521934817075
731,1475853521908010959,1475853521935070037
732,1475853521908363103,1475853521936364889
733,1475853521908715009,1475853521940520048
734,1475853521909064054,1475853521941155910
735,1475853521909411907,1475853521943519115
736,1475853521909789085,1475853521943732976
737,1475853521910144090,1475853521943957090
738,1475853521910492897,1475853521944641113
739,1475853521910844087,1475853521945231914
740,1475853521911194086,1475853521945909976
741,1475853521911542892,1475853521948056936
742,1475853521911892890,1475853521948431015
743,1475853521912240982,1475853521948496103
744,1475853521912590980,1475853521948555946
745,1475853521913021087,1475853521948616027
746,1475853521913377046,1475853521948802947
747,1475853521913731098,1475853521950114011
748,1475853521914078950,1475853521951994895
749,1475853521914468050,1475853521952215909
750,1475853521914824008,1475853521953751087
751,1475853521915174961,1475853521953819990
752,1475853521915524005,1475853521953882932
753,1475853521915872097,1475853521953942060
754,1475853521916610956,1475853521954001903
755,1475853521916963100,1475853521954061031
756,1475853521917350053,1475853521954318046
757,1475853521917702913,1475853521957159042
758,1475853521918052911,1475853521957231998
759,1475853521918404102,1475853521957592964
760,1475853521919401884,1475853521957658052
761,1475853521919768095,1475853521958982944
762,1475853521920473098,1475853521959983110
763,1475853521921289920,1475853521964212894
764,1475853521921746969,1475853521964432954
765,1475853521922105073,1475853521965483903
766,1475853521922456026,1475853521967134952
767,1475853521922807931,1475853521972007989
768,1475853521923202037,1475853521972307920
769,1475853521923713922,1475853521972373008
770,1475853521924107074,1475853521972431898
771,1475853521924458026,1475853521972783088
772,1475853521924810886,1475853521972846031
773,1475853521925158023,1475853521972949981
774,1475853521925750017,1475853521976566076
775,1475853521926110982,1475853521976768016
776,1475853521926462888,1475853521978194952
777,1475853521926851987,1475853521978266000
778,1475853521927201986,1475853521978328943
779,1475853521927548885,1475853521978385925
780,1475853521927973985,1475853521978444099
781,1475853521928330898,1475853521978506088
782,1475853521928680896,1475853521978562116
783,1475853521929068088,1475853521978755950
784,1475853521929418087,1475853521979409933
785,1475853521929766893,1475853521979475021
786,1475853521930500030,1475853521979535102
787,1475853521930907011,1475853521981210947
788,1475853521931263923,1475853521982161045
789,1475853521931615114,1475853521982768058
790,1475853521931993961,1475853521982834100
791,1475853521932714939,1475853521983782052
792,1475853521933110952,1475853521983851909
793,1475853521933461904,1475853521983911037
794,1475853521933809995,1475853521983971118
795,1475853521934158086,1475853521984030008
796,1475853521934537887,1475853521984121084
797,1475853521935359954,1475853521984183073
798,1475853521935796022,1475853521985888004
799,1475853521936151981,1475853521986116886
800,1475853521936670064,1475853521988311052
801,1475853521937019109,1475853521988379955
802,1475853521937366962,1475853521988440990
803,1475853521937715053,1475853521988501071
804,1475853521938139915,1475853521988559961
805,1475853521938527107,1475853521988619089
806,1475853521938884973,1475853521990230083
807,1475853521939239025,1475853521990525960
808,1475853521939588069,1475853521992415904
809,1475853521939935922,1475853521992485046
810,1475853521940288066,1475853521999943017
811,1475853521940798044,1475853522000583887
812,1475853521941483020,1475853522000655889
813,1475853521941847085,1475853522000716924
814,1475853521942207098,1475853522000806093
815,1475853521942555904,1475853522001017093
816,1475853521942939996,1475853522001295089
817,1475853521943290948,1475853522002800941
818,1475853521944278001,1475853522005296945
819,1475853521945059061,1475853522005508899
820,1475853521945671081,1475853522005841016
821,1475853521946191072,1475853522005908012
822,1475853521946593046,1475853522006150007
823,1475853521946947097,1475853522007268905
824,1475853521947294950,1475853522008944988
825,1475853521947644948,1475853522009012937
826,1475853521949114084,1475853522011904001
827,1475853521949492931,1475853522011970996
828,1475853521949846029,1475853522012033939
829,1475853521950436115,1475853522012094020
830,1475853521950800895,1475853522012152910
831,1475853521951152086,1475853522012212038
832,1475853521951500892,1475853522012409925
833,1475853521951849937,1475853522014667987
834,1475853521952600955,1475853522014735937
835,1475853521953011989,1475853522014799118
836,1475853521953375101,1475853522014856100
837,1475853521954633951,1475853522014914989
838,1475853521954989910,1475853522014975070
839,1475853521955342054,1475853522015269994
840,1475853521955691099,1475853522015335083
841,1475853521956041097,1475853522017339944
842,1475853521956428050,1475853522021225929
843,1475853521956783056,1475853522021294116
844,1475853521957519054,1475853522021354913
845,1475853521958054065,1475853522021414995
846,1475853521958405971,1475853522021475076
847,1475853521958751916,1475853522021534919
848,1475853521959325075,1475853522021594047
849,1475853521959685087,1475853522021651983
850,1475853521960374116,1475853522021713018
851,1475853521960743904,1475853522021770954
852,1475853521961102962,1475853522022773027
853,1475853521961455106,1475853522022836923
854,1475853521961805105,1475853522022938966
855,1475853521962156057,1475853522023462057
856,1475853521962543010,1475853522023556947
857,1475853521962935924,1475853522023621082
858,1475853521963284015,1475853522023680925
859,1475853521963637113,1475853522023741960
860,1475853521963984966,1475853522023801088
861,1475853521964835882,1475853522023859977
862,1475853521965204954,1475853522023919105
863,1475853521965828895,1475853522026695013
864,1475853521966192960,1475853522029791116
865,1475853521966548919,1475853522029989957
866,1475853521966898918,1475853522031646966
867,1475853521967487096,1475853522031716108
868,1475853521967850923,1475853522031775951
869,1475853521968203067,1475853522032027006
870,1475853521968585968,1475853522032392978
871,1475853521968944072,1475853522032730102
872,1475853521969294071,1475853522033289909
873,1475853521969645023,1475853522035101890
874,1475853521969993114,1475853522035309076
875,1475853521970375061,1475853522035640954
876,1475853521970732927,1475853522035859107
877,1475853521971080064,1475853522036127090
878,1475853521971430063,1475853522036379098
879,1475853521971780061,1475853522036660909
880,1475853521973292112,1475853522036928892
881,1475853521973675012,1475853522037323951
882,1475853521974029064,1475853522048408985
883,1475853521974407911,1475853522048648118
884,1475853521974828958,1475853522048881053
885,1475853521975183963,1475853522048938035
886,1475853521975538969,1475853522049102067
887,1475853521975887060,1475853522049309015
888,1475853521976267099,1475853522049559116
889,1475853521977072000,1475853522049940109
890,1475853521977507114,1475853522050354957
891,1475853521979155063,1475853522050647974
892,1475853521979928016,1475853522051146984
893,1475853521980279922,1475853522051397085
894,1475853521980635881,1475853522051685094
895,1475853521980988025,1475853522052184104
896,1475853521981568098,1475853522052680969
897,1475853521981931924,1475853522052959918
898,1475853521982435941,1475853522053661108
899,1475853521983355998,1475853522053900003
900,1475853521984597921,1475853522054070949
901,1475853521984957933,1475853522054682970
902,1475853521985308885,1475853522054939031
903,1475853521985660076,1475853522055190086
904,1475853521986435890,1475853522055247068
905,1475853521986807107,1475853522055411100
906,1475853521987163066,1475853522055840969
907,1475853521987518072,1475853522056068897
908,1475853521987867116,1475853522056354999
909,1475853521988935947,1475853522056411981
910,1475853521989298105,1475853522056466102
911,1475853521989648103,1475853522056629896
912,1475853521989996910,1475853522056950092
913,1475853521990809917,1475853522057007074
914,1475853521991215944,1475853522057061910
915,1475853521991571903,1475853522057116031
916,1475853521991921901,1475853522058312892
917,1475853521992269992,1475853522059024095
918,1475853521992780923,1475853522059278011
919,1475853521993168115,1475853522059549093
920,1475853521993556022,1475853522060024023
921,1475853521993911027,1475853522060281038
922,1475853521994261026,1475853522060647964
923,1475853521994613885,1475853522061065912
924,1475853521994962930,1475853522061395883
925,1475853521995400905,1475853522061453104
926,1475853521995754003,1475853522061506986
927,1475853521996139049,1475853522061559915
928,1475853521996494054,1475853522061726093
929,1475853521996841907,1475853522061958074
930,1475853521997190952,1475853522062016010
931,1475853521997540950,1475853522062220096
932,1475853521997921943,1475853522062277078
933,1475853521998275041,1475853522063541889
934,1475853521998663902,1475853522063813924
935,1475853521999015092,1475853522064526081
936,1475853521999362945,1475853522065027952
937,1475853521999711036,1475853522065290927
938,1475853522000235080,1475853522065561056
939,1475853522001662015,1475853522066040039
940,1475853522002144098,1475853522066289901
941,1475853522002513885,1475853522066561937
942,1475853522003271102,1475853522066756963
943,1475853522003664970,1475853522066986083
944,1475853522004021883,1475853522067043066
945,1475853522004369974,1475853522067208051
946,1475853522004719018,1475853522067498922
947,1475853522005067110,1475853522067554950
948,1475853522006479024,1475853522067609071
949,1475853522006854057,1475853522067812919
950,1475853522007595062,1475853522067869901
951,1475853522007966041,1475853522068149089
952,1475853522008320093,1475853522068206071
953,1475853522008668899,1475853522068259954
954,1475853522009322881,1475853522068312883
955,1475853522009680032,1475853522068476915
956,1475853522010062932,1475853522069385051
957,1475853522010416030,1475853522069847106
958,1475853522010767936,1475853522070183992
959,1475853522011117935,1475853522071026086
960,1475853522011466026,1475853522071285963
961,1475853522012773990,1475853522071573972
962,1475853522013185024,1475853522071840047
963,1475853522013535022,1475853522072319984
964,1475853522013881921,1475853522072566032
965,1475853522014230012,1475853522072623014
966,1475853522015705108,1475853522072963953
967,1475853522016088008,1475853522073021888
968,1475853522016489982,1475853522073076009
969,1475853522016844034,1475853522073128938
970,1475853522017194032,1475853522073182106
971,1475853522017669916,1475853522073426008
972,1475853522018064022,1475853522073482990
973,1475853522018419027,1475853522073537111
974,1475853522018769979,1475853522073842048
975,1475853522019118070,1475853522073899030
976,1475853522019505023,1475853522073952913
977,1475853522019900083,1475853522074007034
978,1475853522020248889,1475853522074060916
979,1475853522020596981,1475853522074224948
980,1475853522022094964,1475853522074412107
981,1475853522022459983,1475853522074693918
982,1475853522024239063,1475853522074899911
983,1475853522024619102,1475853522075151920
984,1475853522024969100,1475853522075414896
985,1475853522025317907,1475853522075706958
986,1475853522025671005,1475853522075978040
987,1475853522026057004,1475853522076275110
988,1475853522026448965,1475853522076762914
989,1475853522027054071,1475853522077039957
990,1475853522027420997,1475853522077311992
991,1475853522027774095,1475853522077792882
992,1475853522028157949,1475853522078075885
993,1475853522028511047,1475853522078275918
994,1475853522028860092,1475853522079612970
995,1475853522029206991,1475853522079798936
996,1475853522029556035,1475853522080077886
997,1475853522030293941,1475853522080136060
998,1475853522030697107,1475853522080190896
999,1475853522031055927,1475853522080354928
