0,1475852601487106084,1475852601488943099
1,1475852601820869922,1475852601822361946
2,1475852602154102087,1475852602155497074
3,1475852602487416028,1475852602488735914
4,1475852602820864915,1475852602822700023
5,1475852603154303073,1475852603156100988
6,1475852603487629890,1475852603489422082
7,1475852603820969104,1475852603822767972
8,1475852604154298067,1475852604156095027
9,1475852604487633943,1475852604489403963
10,1475852604820972919,1475852604822766065
11,1475852605154383897,1475852605156398057
12,1475852605487664937,1475852605489444017
13,1475852605820991992,1475852605822926998
14,1475852606154310941,1475852606156101942
15,1475852606487626075,1475852606489495038
16,1475852606821019887,1475852606823062896
17,1475852607154320955,1475852607156102895
18,1475852607487629890,1475852607489370107
19,1475852607820964097,1475852607822748899
20,1475852608154300928,1475852608156049013
21,1475852608487627029,1475852608489123106
22,1475852608820970058,1475852608822521924
23,1475852609154301881,1475852609156121015
24,1475852609487627029,1475852609489156961
25,1475852609820967912,1475852609822510004
26,1475852610154300928,1475852610156121015
27,1475852610487628936,1475852610489154100
28,1475852610820964097,1475852610822530031
29,1475852611154299974,1475852611155925989
30,1475852611487631082,1475852611489155054
31,1475852611820970058,1475852611822510004
32,1475852612154301881,1475852612155951023
33,1475852612487628936,1475852612489119052
34,1475852612820966005,1475852612822490930
35,1475852613154299020,1475852613155931949
36,1475852613487627029,1475852613489125013
37,1475852613820966005,1475852613822485923
38,1475852614154297113,1475852614156121015
39,1475852614487626075,1475852614489280939
40,1475852614820965051,1475852614822489976
41,1475852615154298067,1475852615155894994
42,1475852615487626075,1475852615489124059
43,1475852615820964097,1475852615822539091
44,1475852616154301881,1475852616155908107
45,1475852616487628936,1475852616489188909
46,1475852616820966005,1475852616822494983
47,1475852617154299974,1475852617155904054
48,1475852617487632989,1475852617489162921
49,1475852617820979118,1475852617822537899
50,1475852618154306888,1475852618156002044
51,1475852618487631082,1475852618489128112
52,1475852618820971965,1475852618822504043
53,1475852619154300928,1475852619156044960
54,1475852619487629890,1475852619489192008
55,1475852619820966005,1475852619822483062
56,1475852620154298067,1475852620155913114
57,1475852620487624883,1475852620489126920
58,1475852620820965051,1475852620822483062
59,1475852621154299020,1475852621155906915
60,1475852621487629890,1475852621489141941
61,1475852621820969104,1475852621822509050
62,1475852622154301881,1475852622155921936
63,1475852622487699031,1475852622489343881
64,1475852622820980072,1475852622822516918
65,1475852623154297113,1475852623155965089
66,1475852623487632036,1475852623489178895
67,1475852623820967912,1475852623822506904
68,1475852624154294967,1475852624156166076
69,1475852624487629890,1475852624489161968
70,1475852624820985078,1475852624822516918
71,1475852625154294013,1475852625155875921
72,1475852625487631082,1475852625489120006
73,1475852625820966005,1475852625822499036
74,1475852626154293060,1475852626155877113
75,1475852626487631082,1475852626489156007
76,1475852626820969104,1475852626822495937
77,1475852627154294967,1475852627155875921
78,1475852627487632036,1475852627489130020
79,1475852627820964097,1475852627822490930
80,1475852628154295921,1475852628155877113
81,1475852628487632036,1475852628489121913
82,1475852628820967912,1475852628822525978
83,1475852629154297113,1475852629155894041
84,1475852629487631082,1475852629489115953
85,1475852629820962905,1475852629822503089
86,1475852630154294013,1475852630156042098
87,1475852630487632989,1475852630489140987
88,1475852630820964097,1475852630822549104
89,1475852631154295921,1475852631155920028
90,1475852631487633943,1475852631489192008
91,1475852631820966958,1475852631822549104
92,1475852632154295921,1475852632155891895
93,1475852632487679958,1475852632489316940
94,1475852632820980072,1475852632822546005
95,1475852633154299974,1475852633155898094
96,1475852633487637996,1475852633489162921
97,1475852633820971965,1475852633822532892
98,1475852634154300928,1475852634156054019
99,1475852634487633943,1475852634489165067
100,1475852634820964097,1475852634822494029
101,1475852635154299020,1475852635155903100
102,1475852635487629890,1475852635489159107
103,1475852635820964097,1475852635822493076
104,1475852636154294967,1475852636155883073
105,1475852636487631082,1475852636489115953
106,1475852636821006059,1475852636822654962
107,1475852637154319047,1475852637155925035
108,1475852637487636089,1475852637489130020
109,1475852637820966005,1475852637822494029
110,1475852638154299974,1475852638155889034
111,1475852638487627983,1475852638489125013
112,1475852638821003913,1475852638822643041
113,1475852639154313087,1475852639155926942
114,1475852639487632036,1475852639489260911
115,1475852639820962905,1475852639822513103
116,1475852640154297113,1475852640155895948
117,1475852640487629890,1475852640489119052
118,1475852640820966958,1475852640822485923
119,1475852641154299974,1475852641155920982
120,1475852641487627029,1475852641489139080
121,1475852641820976972,1475852641822588920
122,1475852642154309988,1475852642155936956
123,1475852642487637042,1475852642489135980
124,1475852642820969104,1475852642822484970
125,1475852643154298067,1475852643155867099
126,1475852643487629890,1475852643489126920
127,1475852643820965051,1475852643822489023
128,1475852644154303073,1475852644155939102
129,1475852644487626075,1475852644489144086
130,1475852644820969104,1475852644822494029
131,1475852645154298067,1475852645155883073
132,1475852645487627029,1475852645489119052
133,1475852645820967912,1475852645822482109
134,1475852646154299020,1475852646155896902
135,1475852646487632989,1475852646489137887
136,1475852646820966958,1475852646822500944
137,1475852647154300928,1475852647155894994
138,1475852647487624883,1475852647489120006
139,1475852647820965051,1475852647822484970
140,1475852648154299020,1475852648155877113
141,1475852648487626075,1475852648489165067
142,1475852648820964097,1475852648822494983
143,1475852649154304027,1475852649155999898
144,1475852649487631082,1475852649489207983
145,1475852649820967912,1475852649822499036
146,1475852650154299974,1475852650156085968
147,1475852650487624883,1475852650489161014
148,1475852650820965051,1475852650822494983
149,1475852651154295921,1475852651155900955
150,1475852651487624883,1475852651489166021
151,1475852651820966958,1475852651822490930
152,1475852652154303073,1475852652155898094
153,1475852652487626075,1475852652489151954
154,1475852652821010112,1475852652822633028
155,1475852653154314041,1475852653155916929
156,1475852653487624883,1475852653489154100
157,1475852653820969104,1475852653822499990
158,1475852654154299974,1475852654155880928
159,1475852654487626075,1475852654489145040
160,1475852654820966005,1475852654822513103
161,1475852655154298067,1475852655155859947
162,1475852655487623929,1475852655489100933
163,1475852655820965051,1475852655822489976
164,1475852656154294013,1475852656155869960
165,1475852656487627983,1475852656489114999
166,1475852656820961952,1475852656822515010
167,1475852657154298067,1475852657155920982
168,1475852657487626075,1475852657489116907
169,1475852657820965051,1475852657822494029
170,1475852658154298067,1475852658155879974
171,1475852658487628936,1475852658489114999
172,1475852658820965051,1475852658822670936
173,1475852659154300928,1475852659155909061
174,1475852659487624883,1475852659489123106
175,1475852659820964097,1475852659822509050
176,1475852660154295921,1475852660155900001
177,1475852660487623929,1475852660489101886
178,1475852660820986032,1475852660822750091
179,1475852661154306888,1475852661155957937
180,1475852661487644910,1475852661489407062
181,1475852661820988893,1475852661822618007
182,1475852662154304981,1475852662155913114
183,1475852662487677097,1475852662489279031
184,1475852662820983886,1475852662822539091
185,1475852663154299020,1475852663155901908
186,1475852663487626075,1475852663489201068
187,1475852663821007013,1475852663822537899
188,1475852664154295921,1475852664155910015
189,1475852664487636089,1475852664489150047
190,1475852664820966958,1475852664822617053
191,1475852665154298067,1475852665155934095
192,1475852665487627029,1475852665489110946
193,1475852665820965051,1475852665822544097
194,1475852666154304027,1475852666155930995
195,1475852666487629890,1475852666489125967
196,1475852666820980072,1475852666822563886
197,1475852667154330015,1475852667156030893
198,1475852667487663984,1475852667489151954
199,1475852667820965051,1475852667822506904
200,1475852668154300928,1475852668155903100
201,1475852668487626075,1475852668489162921
202,1475852668820966005,1475852668822506904
203,1475852669154297113,1475852669155901908
204,1475852669487631082,1475852669489123106
205,1475852669821000099,1475852669822628974
206,1475852670154311895,1475852670156117916
207,1475852670487629890,1475852670489136934
208,1475852670820967912,1475852670822516918
209,1475852671154303073,1475852671155936956
210,1475852671487627983,1475852671489130020
211,1475852671820964097,1475852671822494983
212,1475852672154325008,1475852672156024932
213,1475852672487689971,1475852672489322900
214,1475852672820977926,1475852672822530031
215,1475852673154304027,1475852673155935049
216,1475852673487627983,1475852673489159107
217,1475852673820964097,1475852673822493076
218,1475852674154300928,1475852674155956983
219,1475852674487627029,1475852674489130973
220,1475852674820961952,1475852674822531938
221,1475852675154299020,1475852675155925035
222,1475852675487631082,1475852675489126920
223,1475852675820966005,1475852675822493076
224,1475852676154298067,1475852676155906915
225,1475852676487637042,1475852676489159107
226,1475852676820965051,1475852676822503089
227,1475852677154299020,1475852677155889034
228,1475852677487634897,1475852677489131927
229,1475852677820966005,1475852677822513103
230,1475852678154295921,1475852678155880928
231,1475852678487631082,1475852678489144086
232,1475852678820962905,1475852678822494029
233,1475852679154299974,1475852679155879974
234,1475852679487632036,1475852679489126920
235,1475852679820960998,1475852679822490930
236,1475852680154297113,1475852680155875921
237,1475852680487632989,1475852680489140033
238,1475852680820967912,1475852680822494983
239,1475852681154299020,1475852681155880928
240,1475852681487632036,1475852681489166975
241,1475852681820967912,1475852681822504997
242,1475852682154301881,1475852682155915021
243,1475852682487631082,1475852682489137887
244,1475852682820964097,1475852682822499990
245,1475852683154305934,1475852683155992031
246,1475852683487627983,1475852683489125013
247,1475852683820964097,1475852683822494029
248,1475852684154300928,1475852684155881881
249,1475852684487626075,1475852684489114999
250,1475852684820964097,1475852684822494029
251,1475852685154298067,1475852685155880928
252,1475852685487627983,1475852685489120006
253,1475852685820970058,1475852685822494029
254,1475852686154299020,1475852686155886888
255,1475852686487637042,1475852686489177942
256,1475852686820966005,1475852686822523117
257,1475852687154294967,1475852687155880928
258,1475852687487631082,1475852687489124059
259,1475852687820966005,1475852687822521924
260,1475852688154294013,1475852688155879974
261,1475852688487626075,1475852688489115953
262,1475852688820960044,1475852688822463989
263,1475852689154297113,1475852689155884027
264,1475852689487631082,1475852689489125967
265,1475852689820965051,1475852689822491884
266,1475852690154294013,1475852690156084060
267,1475852690487632989,1475852690489165067
268,1475852690820964097,1475852690822496891
269,1475852691154293060,1475852691155899047
270,1475852691487628936,1475852691489124059
271,1475852691820966005,1475852691822514057
272,1475852692154293060,1475852692155910968
273,1475852692487626075,1475852692489116907
274,1475852692820961952,1475852692822619915
275,1475852693154297113,1475852693155911922
276,1475852693487628936,1475852693489128112
277,1475852693820964097,1475852693822535037
278,1475852694154294967,1475852694155910968
279,1475852694487632036,1475852694489167928
280,1475852694820965051,1475852694822523117
281,1475852695154293060,1475852695155878067
282,1475852695487637996,1475852695489171981
283,1475852695820969104,1475852695822531938
284,1475852696154298067,1475852696155914068
285,1475852696487631082,1475852696489119052
286,1475852696820961952,1475852696822503089
287,1475852697154298067,1475852697155883073
288,1475852697487633943,1475852697489129066
289,1475852697820966005,1475852697822504043
290,1475852698154300928,1475852698155915021
291,1475852698487631082,1475852698489154100
292,1475852698820960044,1475852698822504043
293,1475852699154299974,1475852699155891895
294,1475852699487634897,1475852699489113092
295,1475852699820966005,1475852699822498083
296,1475852700154298067,1475852700155872106
297,1475852700487628936,1475852700489123106
298,1475852700821002006,1475852700822674036
299,1475852701154315948,1475852701155968904
300,1475852701487631082,1475852701489130020
301,1475852701820976972,1475852701822555065
302,1475852702154306888,1475852702155894041
303,1475852702487689018,1475852702489309072
304,1475852702820981025,1475852702822535991
305,1475852703154303073,1475852703155898094
306,1475852703487629890,1475852703489141941
307,1475852703820962905,1475852703822505950
308,1475852704154300928,1475852704155895948
309,1475852704487627983,1475852704489114999
310,1475852704820964097,1475852704822479009
311,1475852705154299974,1475852705155874013
312,1475852705487633943,1475852705489155054
313,1475852705820970058,1475852705822596073
314,1475852706154303073,1475852706155874967
315,1475852706487626075,1475852706489134073
316,1475852706820970058,1475852706822546958
317,1475852707154299020,1475852707155883073
318,1475852707487626075,1475852707489214897
319,1475852707820966005,1475852707822513103
320,1475852708154292106,1475852708155904054
321,1475852708487627983,1475852708489141941
322,1475852708820961952,1475852708822513103
323,1475852709154301881,1475852709155911922
324,1475852709487646102,1475852709489147901
325,1475852709820964097,1475852709822520971
326,1475852710154298067,1475852710156059026
327,1475852710487627983,1475852710489182949
328,1475852710820969104,1475852710822582960
329,1475852711154298067,1475852711155977010
330,1475852711487629890,1475852711489176034
331,1475852711820966958,1475852711822552919
332,1475852712154299974,1475852712155922889
333,1475852712487680912,1475852712489332914
334,1475852712820981979,1475852712822576045
335,1475852713154301881,1475852713155911922
336,1475852713487626075,1475852713489181041
337,1475852713820966958,1475852713822506904
338,1475852714154301881,1475852714155935049
339,1475852714487627029,1475852714489187955
340,1475852714820966958,1475852714822547912
341,1475852715154299020,1475852715155930042
342,1475852715487629890,1475852715489196062
343,1475852715820966005,1475852715822510957
344,1475852716154299974,1475852716155881881
345,1475852716487626075,1475852716489176034
346,1475852716820969104,1475852716822596073
347,1475852717154299020,1475852717155909061
348,1475852717487627983,1475852717489145994
349,1475852717820966958,1475852717822531938
350,1475852718154293060,1475852718155911922
351,1475852718487626075,1475852718489151000
352,1475852718820972919,1475852718822566032
353,1475852719154300928,1475852719155913114
354,1475852719487627983,1475852719489145994
355,1475852719820964097,1475852719822546005
356,1475852720154297113,1475852720155890941
357,1475852720487628936,1475852720489202976
358,1475852720820992946,1475852720822791099
359,1475852721154306888,1475852721155942916
360,1475852721487641096,1475852721489353895
361,1475852721820983886,1475852721822628974
362,1475852722154304027,1475852722155975103
363,1475852722487636089,1475852722489260911
364,1475852722820966958,1475852722822560071
365,1475852723154297113,1475852723155916929
366,1475852723487626075,1475852723489195108
367,1475852723820965051,1475852723822506904
368,1475852724154301881,1475852724155927896
369,1475852724487634897,1475852724489222049
370,1475852724820972919,1475852724822557926
371,1475852725154300928,1475852725155936002
372,1475852725487660884,1475852725489265918
373,1475852725820975065,1475852725822597980
374,1475852726154295921,1475852726155922889
375,1475852726487637042,1475852726489252090
376,1475852726820970058,1475852726822629928
377,1475852727154304027,1475852727155936956
378,1475852727487637042,1475852727489190101
379,1475852727820966005,1475852727822514057
380,1475852728154293060,1475852728155884027
381,1475852728487633943,1475852728489161014
382,1475852728820966958,1475852728822544097
383,1475852729154295921,1475852729155900001
384,1475852729487627029,1475852729489144086
385,1475852729820964097,1475852729822523117
386,1475852730154290914,1475852730156061887
387,1475852730487626075,1475852730489177942
388,1475852730821002960,1475852730822698116
389,1475852731154306888,1475852731155916929
390,1475852731487628936,1475852731489150047
391,1475852731820966005,1475852731822530031
392,1475852732154297113,1475852732155919075
393,1475852732487627029,1475852732489166975
394,1475852732820962905,1475852732822552919
395,1475852733154292106,1475852733155919075
396,1475852733487627029,1475852733489242076
397,1475852733820966005,1475852733822511911
398,1475852734154299974,1475852734155955076
399,1475852734487631082,1475852734489167928
400,1475852734820965051,1475852734822551965
401,1475852735154295921,1475852735155929088
402,1475852735487648010,1475852735489237070
403,1475852735820976018,1475852735822551012
404,1475852736154300928,1475852736155934095
405,1475852736487638950,1475852736489196062
406,1475852736820966005,1475852736822568893
407,1475852737154295921,1475852737155925035
408,1475852737487624883,1475852737489145994
409,1475852737820966958,1475852737822514057
410,1475852738154297113,1475852738155931949
411,1475852738487628936,1475852738489232063
412,1475852738820965051,1475852738822563886
413,1475852739154298067,1475852739155900955
414,1475852739487631082,1475852739489164113
415,1475852739820966958,1475852739822539091
416,1475852740154297113,1475852740155875921
417,1475852740487631082,1475852740489217042
418,1475852740820964097,1475852740822516918
419,1475852741154297113,1475852741155898094
420,1475852741487629890,1475852741489346027
421,1475852741820967912,1475852741822534084
422,1475852742154300928,1475852742155891895
423,1475852742487677097,1475852742489495038
424,1475852742820983886,1475852742822550058
425,1475852743154305934,1475852743155927896
426,1475852743487632989,1475852743489166021
427,1475852743820961952,1475852743822525978
428,1475852744154299974,1475852744155903100
429,1475852744487628936,1475852744489144086
430,1475852744820970058,1475852744822525024
431,1475852745154295921,1475852745155900955
432,1475852745487631082,1475852745489175081
433,1475852745820969104,1475852745822529077
434,1475852746154297113,1475852746155919075
435,1475852746487627029,1475852746489140033
436,1475852746820967912,1475852746822521924
437,1475852747154299974,1475852747155898094
438,1475852747487627983,1475852747489141941
439,1475852747820967912,1475852747822524070
440,1475852748154292106,1475852748155925035
441,1475852748487627029,1475852748489196062
442,1475852748820966005,1475852748822515964
443,1475852749154299974,1475852749156011104
444,1475852749487632036,1475852749489159107
445,1475852749820969104,1475852749822525978
446,1475852750154294967,1475852750156059980
447,1475852750487636089,1475852750489202022
448,1475852750820986032,1475852750822552919
449,1475852751154295921,1475852751155920982
450,1475852751487637996,1475852751489172935
451,1475852751820970058,1475852751822530984
452,1475852752154299974,1475852752155909061
453,1475852752487699985,1475852752489319086
454,1475852752820982933,1475852752822623014
455,1475852753154299020,1475852753155949115
456,1475852753487632989,1475852753489186048
457,1475852753820970058,1475852753822575092
458,1475852754154297113,1475852754155953884
459,1475852754487632036,1475852754489162921
460,1475852754820961952,1475852754822559118
461,1475852755154294013,1475852755155901908
462,1475852755487631082,1475852755489176034
463,1475852755820965051,1475852755822576999
464,1475852756154292106,1475852756155915975
465,1475852756487628936,1475852756489202022
466,1475852756820965051,1475852756822583913
467,1475852757154293060,1475852757155905961
468,1475852757487638950,1475852757489195108
469,1475852757820966005,1475852757822576045
470,1475852758154293060,1475852758155908107
471,1475852758487632036,1475852758489181041
472,1475852758820964097,1475852758822550058
473,1475852759154294967,1475852759155910015
474,1475852759487633943,1475852759489216089
475,1475852759820965051,1475852759822562932
476,1475852760154294013,1475852760155905008
477,1475852760487662076,1475852760489293098
478,1475852760820976972,1475852760822555065
479,1475852761154297113,1475852761155947923
480,1475852761487629890,1475852761489175081
481,1475852761820972919,1475852761822582960
482,1475852762154300928,1475852762155925035
483,1475852762487644910,1475852762489232063
484,1475852762821003913,1475852762822715997
485,1475852763154311895,1475852763155951023
486,1475852763487636089,1475852763489177942
487,1475852763820962905,1475852763822542905
488,1475852764154299020,1475852764155972957
489,1475852764487632989,1475852764489172935
490,1475852764820961952,1475852764822540044
491,1475852765154297113,1475852765155909061
492,1475852765487629890,1475852765489170074
493,1475852765820965051,1475852765822576045
494,1475852766154299020,1475852766155931949
495,1475852766487627983,1475852766489175081
496,1475852766820964097,1475852766822582960
497,1475852767154294967,1475852767155911922
498,1475852767487627983,1475852767489166021
499,1475852767820965051,1475852767822539091
500,1475852768154297113,1475852768155896902
501,1475852768487627983,1475852768489176988
502,1475852768820964097,1475852768822541952
503,1475852769154298067,1475852769155925035
504,1475852769487627029,1475852769489208936
505,1475852769820969104,1475852769822535991
506,1475852770154295921,1475852770156084060
507,1475852770487627983,1475852770489206075
508,1475852770820960044,1475852770822557926
509,1475852771154298067,1475852771155931949
510,1475852771487627029,1475852771489173889
511,1475852771820966958,1475852771822560071
512,1475852772154298067,1475852772155924081
513,1475852772487622976,1475852772489157915
514,1475852772820969104,1475852772822551965
515,1475852773154297113,1475852773155936002
516,1475852773487626075,1475852773489187002
517,1475852773820962905,1475852773822541952
518,1475852774154298067,1475852774155976057
519,1475852774487629890,1475852774489206075
520,1475852774820966005,1475852774822545051
521,1475852775154299020,1475852775155947923
522,1475852775487626075,1475852775489202976
523,1475852775820961952,1475852775822566986
524,1475852776154295921,1475852776155910015
525,1475852776487626075,1475852776489207983
526,1475852776820960998,1475852776822555065
527,1475852777154293060,1475852777155949115
528,1475852777487627983,1475852777489212989
529,1475852777820967912,1475852777822549104
530,1475852778154301881,1475852778155949115
531,1475852778487627029,1475852778489170074
532,1475852778820966958,1475852778822585105
533,1475852779154303073,1475852779155930995
534,1475852779487626075,1475852779489171981
535,1475852779820960998,1475852779822547912
536,1475852780154297113,1475852780155921936
537,1475852780487627983,1475852780489168882
538,1475852780820974111,1475852780822684049
539,1475852781154299020,1475852781155982017
540,1475852781487626075,1475852781489176988
541,1475852781820975065,1475852781822740077
542,1475852782154305934,1475852782155971050
543,1475852782487679958,1475852782489341974
544,1475852782820981979,1475852782822568893
545,1475852783154304027,1475852783155946016
546,1475852783487627029,1475852783489166021
547,1475852783820969104,1475852783822587966
548,1475852784154301881,1475852784155977010
549,1475852784487632989,1475852784489161014
550,1475852784820964097,1475852784822544097
551,1475852785154299020,1475852785155914068
552,1475852785487627983,1475852785489164113
553,1475852785820962905,1475852785822609901
554,1475852786154293060,1475852786156127929
555,1475852786487633943,1475852786489175081
556,1475852786820962905,1475852786822572946
557,1475852787154304027,1475852787155991077
558,1475852787487631082,1475852787489176988
559,1475852787820966005,1475852787822578907
560,1475852788154299974,1475852788155921936
561,1475852788487628936,1475852788489170074
562,1475852788820967912,1475852788822570085
563,1475852789154298067,1475852789155911922
564,1475852789487627029,1475852789489165067
565,1475852789820965051,1475852789822637081
566,1475852790154289960,1475852790156088113
567,1475852790487627983,1475852790489196062
568,1475852790820964097,1475852790822634935
569,1475852791154293060,1475852791155961036
570,1475852791487632989,1475852791489190101
571,1475852791820966958,1475852791822560071
572,1475852792154294967,1475852792155920028
573,1475852792487683057,1475852792489389896
574,1475852792820983886,1475852792822596073
575,1475852793154319047,1475852793156048059
576,1475852793487731933,1475852793489284038
577,1475852793820992946,1475852793822681903
578,1475852794154313087,1475852794155991077
579,1475852794487632989,1475852794489171028
580,1475852794820965051,1475852794822572946
581,1475852795154298067,1475852795155955076
582,1475852795487632989,1475852795489171981
583,1475852795820964097,1475852795822565078
584,1475852796154295921,1475852796155961036
585,1475852796487632036,1475852796489188909
586,1475852796820967912,1475852796822580099
587,1475852797154297113,1475852797155965089
588,1475852797487628936,1475852797489181995
589,1475852797820970058,1475852797822594881
590,1475852798154303073,1475852798155972957
591,1475852798487628936,1475852798489178895
592,1475852798820966005,1475852798822592973
593,1475852799154303073,1475852799156009912
594,1475852799487631082,1475852799489187955
595,1475852799820965051,1475852799822546958
596,1475852800154301881,1475852800156021118
597,1475852800487627029,1475852800489181995
598,1475852800820964097,1475852800822549104
599,1475852801154297113,1475852801155905961
600,1475852801487629890,1475852801489188909
601,1475852801820971965,1475852801822582006
602,1475852802154298067,1475852802155961990
603,1475852802487629890,1475852802489226102
604,1475852802820965051,1475852802822557926
605,1475852803154300928,1475852803155965089
606,1475852803487647056,1475852803489208936
607,1475852803820961952,1475852803822551965
608,1475852804154300928,1475852804155965089
609,1475852804487636089,1475852804489206075
610,1475852804820966958,1475852804822559118
611,1475852805154300928,1475852805155915975
612,1475852805487637996,1475852805489260911
613,1475852805820969104,1475852805822561979
614,1475852806154298067,1475852806155976057
615,1475852806487632036,1475852806489180088
616,1475852806820966005,1475852806822556018
617,1475852807154299020,1475852807155934095
618,1475852807487637996,1475852807489191055
619,1475852807820966958,1475852807822559118
620,1475852808154303073,1475852808155963897
621,1475852808487633943,1475852808489181995
622,1475852808820964097,1475852808822550058
623,1475852809154298067,1475852809155900001
624,1475852809487629890,1475852809489178895
625,1475852809820966958,1475852809822552919
626,1475852810154298067,1475852810156141996
627,1475852810487627029,1475852810489212989
628,1475852810820969104,1475852810822571039
629,1475852811154299020,1475852811155936002
630,1475852811487628936,1475852811489176034
631,1475852811820967912,1475852811822596073
632,1475852812154301881,1475852812155946016
633,1475852812487631082,1475852812489171028
634,1475852812820966005,1475852812822550058
635,1475852813154299974,1475852813155973911
636,1475852813487632036,1475852813489177942
637,1475852813820967912,1475852813822572946
638,1475852814154297113,1475852814155965089
639,1475852814487636089,1475852814489193916
640,1475852814820966958,1475852814822572946
641,1475852815154294967,1475852815155899047
642,1475852815487636089,1475852815489249944
643,1475852815820966958,1475852815822573900
644,1475852816154297113,1475852816155963897
645,1475852816487632989,1475852816489217996
646,1475852816820966005,1475852816822608947
647,1475852817154294967,1475852817155904054
648,1475852817487633943,1475852817489197969
649,1475852817820971965,1475852817822593927
650,1475852818154306888,1475852818155980110
651,1475852818487636089,1475852818489238023
652,1475852818820965051,1475852818822591066
653,1475852819154297113,1475852819155910968
654,1475852819487632036,1475852819489182949
655,1475852819820974111,1475852819822622060
656,1475852820154299974,1475852820155909061
657,1475852820487627983,1475852820489185094
658,1475852820820962905,1475852820822561025
659,1475852821154295921,1475852821155941963
660,1475852821487628936,1475852821489177942
661,1475852821820975065,1475852821822638988
662,1475852822154299020,1475852822155903100
663,1475852822487677097,1475852822489361047
664,1475852822821002006,1475852822822628974
665,1475852823154328107,1475852823156049013
666,1475852823487644910,1475852823489212036
667,1475852823820967912,1475852823822586059
668,1475852824154300928,1475852824155920028
669,1475852824487627983,1475852824489195108
670,1475852824820992946,1475852824822726011
671,1475852825154314041,1475852825155926942
672,1475852825487632036,1475852825489185094
673,1475852825820970058,1475852825822560071
674,1475852826154298067,1475852826155968904
675,1475852826487632036,1475852826489190101
676,1475852826820961952,1475852826822591066
677,1475852827154297113,1475852827155911922
678,1475852827487627983,1475852827489186048
679,1475852827820961952,1475852827822554111
680,1475852828154319047,1475852828156008958
681,1475852828487642049,1475852828489239931
682,1475852828820970058,1475852828822559118
683,1475852829154304981,1475852829155920028
684,1475852829487636089,1475852829489229917
685,1475852829820985078,1475852829822603940
686,1475852830154304981,1475852830156104087
687,1475852830487631082,1475852830489238977
688,1475852830821057081,1475852830822690963
689,1475852831154304981,1475852831155924081
690,1475852831487628936,1475852831489269018
691,1475852831820966958,1475852831822669982
692,1475852832154303073,1475852832155916929
693,1475852832487688064,1475852832489442110
694,1475852832820981025,1475852832822570085
695,1475852833154397010,1475852833155925989
696,1475852833487629890,1475852833489177942
697,1475852833820966958,1475852833822566032
698,1475852834154304981,1475852834155930995
699,1475852834487628936,1475852834489206075
700,1475852834820965051,1475852834822657108
701,1475852835154299020,1475852835155925035
702,1475852835487637996,1475852835489233016
703,1475852835820970058,1475852835822572946
704,1475852836154299974,1475852836155946969
705,1475852836487631082,1475852836489217042
706,1475852836820962905,1475852836822566986
707,1475852837154299020,1475852837155965089
708,1475852837487628936,1475852837489217996
709,1475852837820965051,1475852837822565078
710,1475852838154300928,1475852838155971050
711,1475852838487631082,1475852838489232063
712,1475852838820965051,1475852838822561979
713,1475852839154303073,1475852839155992031
714,1475852839487628936,1475852839489268064
715,1475852839820961952,1475852839822529077
716,1475852840154301881,1475852840155899047
717,1475852840487632036,1475852840489202022
718,1475852840820986032,1475852840822684049
719,1475852841154313087,1475852841155956983
720,1475852841487633943,1475852841489233016
721,1475852841820971012,1475852841822567939
722,1475852842154309034,1475852842155955076
723,1475852842487633943,1475852842489193916
724,1475852842820966958,1475852842822539091
725,1475852843154299020,1475852843155956029
726,1475852843487627029,1475852843489217996
727,1475852843820962905,1475852843822566986
728,1475852844154299020,1475852844155951023
729,1475852844487631082,1475852844489176034
730,1475852844820962905,1475852844822561979
731,1475852845154297113,1475852845155901908
732,1475852845487629890,1475852845489274024
733,1475852845820967912,1475852845822565078
734,1475852846154300928,1475852846155975103
735,1475852846487632036,1475852846489218950
736,1475852846820962905,1475852846822578907
737,1475852847154297113,1475852847155920982
738,1475852847487641096,1475852847489247083
739,1475852847820966005,1475852847822593927
740,1475852848154298067,1475852848155915021
741,1475852848487632036,1475852848489192008
742,1475852848820960998,1475852848822546005
743,1475852849154299974,1475852849155975103
744,1475852849487627983,1475852849489217996
745,1475852849820962905,1475852849822536945
746,1475852850154294967,1475852850156116962
747,1475852850487629890,1475852850489223003
748,1475852850820970058,1475852850822612047
749,1475852851154301881,1475852851155927896
750,1475852851487627029,1475852851489216089
751,1475852851820966958,1475852851822541952
752,1475852852154299020,1475852852155914068
753,1475852852487628936,1475852852489181041
754,1475852852820965051,1475852852822534084
755,1475852853154298067,1475852853155913114
756,1475852853487628936,1475852853489214897
757,1475852853820962905,1475852853822542905
758,1475852854154297113,1475852854155910968
759,1475852854487627983,1475852854489216089
760,1475852854820964097,1475852854822562932
761,1475852855154297113,1475852855155905008
762,1475852855487632989,1475852855489223957
763,1475852855820995092,1475852855822681903
764,1475852856154310941,1475852856155961990
765,1475852856487631082,1475852856489191055
766,1475852856820969104,1475852856822598934
767,1475852857154290914,1475852857155956983
768,1475852857487627983,1475852857489222049
769,1475852857820966005,1475852857822563886
770,1475852858154295921,1475852858155958890
771,1475852858487628936,1475852858489191055
772,1475852858820960998,1475852858822606086
773,1475852859154295921,1475852859156016111
774,1475852859487627983,1475852859489195108
775,1475852859820962905,1475852859822597026
776,1475852860154294967,1475852860155978918
777,1475852860487631082,1475852860489197969
778,1475852860820964097,1475852860822644948
779,1475852861154295921,1475852861155961036
780,1475852861487629890,1475852861489171028
781,1475852861820964097,1475852861822596073
782,1475852862154299974,1475852862155985116
783,1475852862487678050,1475852862489357948
784,1475852862820983886,1475852862822628974
785,1475852863154300928,1475852863155930995
786,1475852863487627983,1475852863489181995
787,1475852863820962905,1475852863822536945
788,1475852864154320001,1475852864155949115
789,1475852864487631082,1475852864489176034
790,1475852864820964097,1475852864822607994
791,1475852865154299020,1475852865155945062
792,1475852865487631082,1475852865489196062
793,1475852865820965051,1475852865822603940
794,1475852866154299974,1475852866155950069
795,1475852866487634897,1475852866489176988
796,1475852866820971012,1475852866822597980
797,1475852867154304981,1475852867155944108
798,1475852867487627983,1475852867489228963
799,1475852867820964097,1475852867822539091
800,1475852868154303073,1475852868155946969
801,1475852868487708091,1475852868489286899
802,1475852868820961952,1475852868822527885
803,1475852869154303073,1475852869155937910
804,1475852869487634897,1475852869489274024
805,1475852869820961952,1475852869822576999
806,1475852870154301881,1475852870156111955
807,1475852870487633943,1475852870489268064
808,1475852870821060895,1475852870822659969
809,1475852871154300928,1475852871155947923
810,1475852871487637042,1475852871489187955
811,1475852871820983886,1475852871822582960
812,1475852872154304027,1475852872155977010
813,1475852872487684965,1475852872489408969
814,1475852872820983886,1475852872822576045
815,1475852873154303073,1475852873155932903
816,1475852873487637996,1475852873489227056
817,1475852873820966958,1475852873822549104
818,1475852874154304027,1475852874155967950
819,1475852874487633943,1475852874489181995
820,1475852874820966005,1475852874822551965
821,1475852875154299974,1475852875155982017
822,1475852875487633943,1475852875489177942
823,1475852875820965051,1475852875822572946
824,1475852876154301881,1475852876156012058
825,1475852876487639904,1475852876489188909
826,1475852876820965051,1475852876822580099
827,1475852877154300928,1475852877155985116
828,1475852877487629890,1475852877489187955
829,1475852877820964097,1475852877822566986
830,1475852878154294967,1475852878155900001
831,1475852878487631082,1475852878489188909
832,1475852878820960044,1475852878822576999
833,1475852879154294013,1475852879155992984
834,1475852879487632036,1475852879489232063
835,1475852879820960998,1475852879822576045
836,1475852880154295921,1475852880155929088
837,1475852880487627983,1475852880489181041
838,1475852880820993900,1475852880822720050
839,1475852881154306888,1475852881155993938
840,1475852881487632036,1475852881489208936
841,1475852881820976018,1475852881822640895
842,1475852882154301881,1475852882155937910
843,1475852882487628936,1475852882489177942
844,1475852882820962905,1475852882822586059
845,1475852883154294967,1475852883155975103
846,1475852883487631082,1475852883489221096
847,1475852883820964097,1475852883822545051
848,1475852884154299020,1475852884155934095
849,1475852884487632036,1475852884489175081
850,1475852884820961952,1475852884822534084
851,1475852885154295921,1475852885155980110
852,1475852885487632036,1475852885489177942
853,1475852885821012020,1475852885822695970
854,1475852886154310941,1475852886155946016
855,1475852886487634897,1475852886489232063
856,1475852886820965051,1475852886822571039
857,1475852887154294967,1475852887155986070
858,1475852887487632989,1475852887489200115
859,1475852887820960044,1475852887822546005
860,1475852888154294967,1475852888155930042
861,1475852888487627983,1475852888489279985
862,1475852888821219921,1475852888822830915
863,1475852889154305934,1475852889155987024
864,1475852889487631082,1475852889489263057
865,1475852889820960998,1475852889822527885
866,1475852890154299974,1475852890156147003
867,1475852890487626075,1475852890489204883
868,1475852890821069002,1475852890822741985
869,1475852891154314041,1475852891156012058
870,1475852891487631082,1475852891489181041
871,1475852891820966958,1475852891822583913
872,1475852892154304027,1475852892155941963
873,1475852892487631082,1475852892489192008
874,1475852892820960998,1475852892822516918
875,1475852893154299974,1475852893155987024
876,1475852893487631082,1475852893489171028
877,1475852893820964097,1475852893822539091
878,1475852894154300928,1475852894155930042
879,1475852894487631082,1475852894489181995
880,1475852894820960044,1475852894822525978
881,1475852895154298067,1475852895155927896
882,1475852895487631082,1475852895489177942
883,1475852895820962905,1475852895822578907
884,1475852896154299974,1475852896155936002
885,1475852896487628936,1475852896489176988
886,1475852896820970058,1475852896822563886
887,1475852897154304027,1475852897155934095
888,1475852897487632989,1475852897489202022
889,1475852897820960044,1475852897822529077
890,1475852898154299020,1475852898155982971
891,1475852898487627983,1475852898489304065
892,1475852898821176052,1475852898822743892
893,1475852899154301881,1475852899155942916
894,1475852899487632989,1475852899489258050
895,1475852899820964097,1475852899822532892
896,1475852900154301881,1475852900155956983
897,1475852900487627983,1475852900489228010
898,1475852900821058034,1475852900822639942
899,1475852901154304981,1475852901155982971
900,1475852901487632036,1475852901489204883
901,1475852901820960044,1475852901822540044
902,1475852902154309034,1475852902155985116
903,1475852902487437963,1475852902489115953
904,1475852902820650100,1475852902822271108
905,1475852903154303073,1475852903155975103
906,1475852903487634897,1475852903489286899
907,1475852903820965051,1475852903822555065
908,1475852904154299974,1475852904155941009
909,1475852904487631082,1475852904489288091
910,1475852904821185111,1475852904822751998
911,1475852905154303073,1475852905155967950
912,1475852905487632036,1475852905489217996
913,1475852905820972919,1475852905822590112
914,1475852906154298067,1475852906155932903
915,1475852906487637042,1475852906489334106
916,1475852906820996999,1475852906822604894
917,1475852907154297113,1475852907155950069
918,1475852907487639904,1475852907489217996
919,1475852907820969104,1475852907822577953
920,1475852908154294967,1475852908155950069
921,1475852908487624883,1475852908489377975
922,1475852908820962905,1475852908822551965
923,1475852909154298067,1475852909155941009
924,1475852909487632036,1475852909489197969
925,1475852909820966005,1475852909822531938
926,1475852910154292106,1475852910156092882
927,1475852910487627029,1475852910489201068
928,1475852910820967912,1475852910822582006
929,1475852911154294967,1475852911155917882
930,1475852911487627983,1475852911489187002
931,1475852911820965051,1475852911822536945
932,1475852912154295921,1475852912155896902
933,1475852912487675905,1475852912489357948
934,1475852912820982933,1475852912822638034
935,1475852913154299974,1475852913155953884
936,1475852913487628936,1475852913489188909
937,1475852913820964097,1475852913822540044
938,1475852914154299020,1475852914155941963
939,1475852914487627983,1475852914489186048
940,1475852914820960998,1475852914822536945
941,1475852915154294967,1475852915155937910
942,1475852915487627983,1475852915489187002
943,1475852915821002960,1475852915822695970
944,1475852916154310941,1475852916155944108
945,1475852916487634897,1475852916489192008
946,1475852916820974111,1475852916822669029
947,1475852917154301881,1475852917155961036
948,1475852917487632989,1475852917489250898
949,1475852917820998907,1475852917822767972
950,1475852918154314994,1475852918155975103
951,1475852918487629890,1475852918489197969
952,1475852918820966005,1475852918822549104
953,1475852919154295921,1475852919155971050
954,1475852919487624883,1475852919489175081
955,1475852919820965051,1475852919822561979
956,1475852920154298067,1475852920155966043
957,1475852920487628936,1475852920489181041
958,1475852920820962905,1475852920822537899
959,1475852921154295921,1475852921155951023
960,1475852921487627029,1475852921489207983
961,1475852921820970058,1475852921822603940
962,1475852922154298067,1475852922155994892
963,1475852922487627029,1475852922489182949
964,1475852922820967912,1475852922822572946
965,1475852923154299020,1475852923155929088
966,1475852923487627029,1475852923489172935
967,1475852923820966005,1475852923822566032
968,1475852924154295921,1475852924155971050
969,1475852924487627029,1475852924489178895
970,1475852924820966958,1475852924822545051
971,1475852925154294013,1475852925155925035
972,1475852925487627029,1475852925489182949
973,1475852925820961952,1475852925822554111
974,1475852926154298067,1475852926155911922
975,1475852926487627029,1475852926489181995
976,1475852926820960998,1475852926822544097
977,1475852927154295921,1475852927155910968
978,1475852927487626075,1475852927489177942
979,1475852927820965051,1475852927822544097
980,1475852928154299974,1475852928155951023
981,1475852928487624883,1475852928489176988
982,1475852928820966005,1475852928822601079
983,1475852929154300928,1475852929155951976
984,1475852929487628936,1475852929489175081
985,1475852929820960998,1475852929822536945
986,1475852930154299020,1475852930156131982
987,1475852930487627029,1475852930489268064
988,1475852930820971965,1475852930822570085
989,1475852931154300928,1475852931155929088
990,1475852931487627983,1475852931489183902
991,1475852931820965051,1475852931822556018
992,1475852932154299974,1475852932155924081
993,1475852932487627029,1475852932489186048
994,1475852932820981025,1475852932822563886
995,1475852933154300928,1475852933155921936
996,1475852933487631082,1475852933489187002
997,1475852933820965051,1475852933822556972
998,1475852934154303073,1475852934155945062
999,1475852934487627029,1475852934489200115
