0,1475853500646032094,1475853500647656917
1,1475853500647067070,1475853500649617910
2,1475853500648026943,1475853500650166988
3,1475853500649010896,1475853500651637077
4,1475853500650008916,1475853500652605056
5,1475853500651011943,1475853500653171062
6,1475853500652010917,1475853500653445959
7,1475853500653039932,1475853500654501914
8,1475853500653959035,1475853500655266046
9,1475853500655014038,1475853500656287908
10,1475853500656011104,1475853500657376050
11,1475853500657011032,1475853500658097982
12,1475853500658236980,1475853500659369945
13,1475853500659009933,1475853500660070896
14,1475853500660231113,1475853500661294937
15,1475853500661007881,1475853500662374973
16,1475853500662009000,1475853500663125991
17,1475853500663265943,1475853500664367914
18,1475853500664011955,1475853500665170907
19,1475853500665007114,1475853500666361093
20,1475853500666011095,1475853500667042016
21,1475853500667223930,1475853500668374061
22,1475853500668006896,1475853500669073104
23,1475853500669233083,1475853500670372009
24,1475853500670006036,1475853500671143054
25,1475853500671233892,1475853500672379016
26,1475853500672009944,1475853500673119068
27,1475853500673244953,1475853500674359083
28,1475853500674009084,1475853500675129890
29,1475853500675226926,1475853500676372051
30,1475853500676008939,1475853500677109956
31,1475853500677232980,1475853500678283929
32,1475853500678006887,1475853500679374933
33,1475853500679007053,1475853500680094957
34,1475853500680233955,1475853500681370019
35,1475853500681005954,1475853500682123899
36,1475853500682240009,1475853500683362960
37,1475853500682992935,1475853500684020996
38,1475853500684206008,1475853500685363054
39,1475853500685009956,1475853500686028957
40,1475853500686212062,1475853500687295913
41,1475853500687009096,1475853500688363075
42,1475853500688011884,1475853500689099073
43,1475853500689237117,1475853500690361976
44,1475853500690009117,1475853500691028118
45,1475853500691214084,1475853500692378997
46,1475853500692009925,1475853500693101882
47,1475853500693254947,1475853500694370985
48,1475853500694011926,1475853500695115089
49,1475853500695240020,1475853500696286916
50,1475853500696010112,1475853500697364091
51,1475853500697009086,1475853500698025941
52,1475853500698209047,1475853500699259996
53,1475853500699008941,1475853500700378894
54,1475853500700011014,1475853500701127052
55,1475853500701231002,1475853500702380895
56,1475853500702008008,1475853500703114986
57,1475853500703247070,1475853500704363107
58,1475853500704010009,1475853500705077886
59,1475853500705235004,1475853500706362009
60,1475853500706010103,1475853500707031965
61,1475853500707214117,1475853500708376884
62,1475853500708009004,1475853500709122896
63,1475853500709235906,1475853500710362911
64,1475853500710010051,1475853500711030006
65,1475853500711215972,1475853500712378978
66,1475853500712008953,1475853500713074922
67,1475853500713239908,1475853500714359045
68,1475853500714008092,1475853500715133905
69,1475853500715230941,1475853500716361045
70,1475853500716010093,1475853500717067956
71,1475853500717236995,1475853500718302011
72,1475853500718009948,1475853500719378948
73,1475853500719011068,1475853500720097064
74,1475853500720238924,1475853500721360921
75,1475853500721009016,1475853500722032070
76,1475853500722214937,1475853500723393917
77,1475853500723009109,1475853500724095106
78,1475853500724236011,1475853500725363016
79,1475853500725008964,1475853500726070880
80,1475853500726238965,1475853500727291107
81,1475853500727008104,1475853500728380918
82,1475853500728009939,1475853500729096889
83,1475853500729237079,1475853500730365037
84,1475853500730010032,1475853500731071949
85,1475853500731235980,1475853500732358932
86,1475853500732007980,1475853500733028888
87,1475853500733211994,1475853500734376907
88,1475853500734008073,1475853500735066890
89,1475853500735232114,1475853500736358880
90,1475853500736006975,1475853500737088918
91,1475853500737234115,1475853500738374948
92,1475853500738007068,1475853500739110946
93,1475853500739233970,1475853500740284919
94,1475853500740005970,1475853500742166042
95,1475853500741010904,1475853500743046045
96,1475853500744065999,1475853500745316982
97,1475853500745527982,1475853500746624946
98,1475853500746037006,1475853500747143030
99,1475853500747293949,1475853500748436927
100,1475853500748071908,1475853500749170064
101,1475853500749300003,1475853500750356912
102,1475853500750077009,1475853500751466989
103,1475853500751074075,1475853500752193927
104,1475853500752295970,1475853500753365039
105,1475853500753078937,1475853500754437923
106,1475853500754076004,1475853500755232095
107,1475853500755073070,1475853500756302118
108,1475853500756078958,1475853500757443904
109,1475853500757074117,1475853500758176088
110,1475853500758306026,1475853500759453058
111,1475853500759073972,1475853500760186910
112,1475853500760294914,1475853500761336088
113,1475853500761074066,1475853500762367010
114,1475853500762074947,1475853500763389110
115,1475853500763075113,1475853500764471054
116,1475853500764075994,1475853500765250921
117,1475853500765073060,1475853500766439914
118,1475853500766074895,1475853500767175912
119,1475853500767302989,1475853500768441915
120,1475853500768071889,1475853500769196033
121,1475853500769299983,1475853500770441055
122,1475853500770073890,1475853500771322965
123,1475853500771071910,1475853500772439956
124,1475853500772070884,1475853500773195981
125,1475853500773310899,1475853500774446010
126,1475853500774075984,1475853500775207996
127,1475853500775111913,1475853500776427030
128,1475853500776073932,1475853500777091979
129,1475853500777275085,1475853500778328895
130,1475853500778073072,1475853500779380083
131,1475853500779078960,1475853500780448913
132,1475853500780073881,1475853500781184911
133,1475853500781302928,1475853500782444000
134,1475853500782072067,1475853500783170938
135,1475853500783317089,1475853500784317970
136,1475853500784070968,1475853500785428047
137,1475853500785073995,1475853500786093950
138,1475853500786276102,1475853500787333965
139,1475853500787071943,1475853500788448095
140,1475853500788073062,1475853500789055109
141,1475853500789242029,1475853500790326118
142,1475853500790070056,1475853500791367053
143,1475853500791073083,1475853500792387962
144,1475853500792072057,1475853500793390035
145,1475853500793087005,1475853500794425964
146,1475853500794074058,1475853500795186996
147,1475853500795300006,1475853500796441078
148,1475853500796072959,1475853500797158956
149,1475853500797301054,1475853500798322916
150,1475853500798070907,1475853500799374103
151,1475853500799072980,1475853500800438880
152,1475853500800071001,1475853500801199913
153,1475853500801297903,1475853500802443027
154,1475853500802073001,1475853500803132057
155,1475853500803301095,1475853500804366111
156,1475853500804073095,1475853500805432081
157,1475853500805073022,1475853500806088924
158,1475853500806272029,1475853500807324886
159,1475853500807071924,1475853500808370113
160,1475853500808072090,1475853500809439897
161,1475853500809072017,1475853500810198068
162,1475853500810295104,1475853500811367988
163,1475853500811074018,1475853500812432050
164,1475853500812072992,1475853500813143014
165,1475853500813297986,1475853500814445018
166,1475853500814071893,1475853500815207004
167,1475853500815109968,1475853500816334962
168,1475853500816075086,1475853500817442893
169,1475853500817073106,1475853500818145990
170,1475853500818295955,1475853500819437026
171,1475853500819072008,1475853500820169925
172,1475853500820298910,1475853500821487903
173,1475853500821074008,1475853500822102069
174,1475853500822294950,1475853500823342084
175,1475853500823082923,1475853500824449062
176,1475853500824074029,1475853500825223922
177,1475853500825109004,1475853500826363086
178,1475853500826075077,1475853500827430009
179,1475853500827073097,1475853500828090906
180,1475853500828277111,1475853500829333066
181,1475853500829071044,1475853500830342054
182,1475853500830073118,1475853500831340074
183,1475853500831074953,1475853500832369089
184,1475853500832076072,1475853500833349943
185,1475853500833081960,1475853500834444046
186,1475853500834073066,1475853500835237026
187,1475853500835109949,1475853500836276054
188,1475853500836076974,1475853500837440967
189,1475853500837075948,1475853500838193893
190,1475853500838321924,1475853500839433908
191,1475853500839076042,1475853500840151071
192,1475853500840300083,1475853500841314077
193,1475853500841073036,1475853500842442035
194,1475853500842072963,1475853500843195915
195,1475853500843322992,1475853500844463109
196,1475853500844074964,1475853500845249891
197,1475853500845074892,1475853500846443891
198,1475853500846076965,1475853500847186088
199,1475853500847347974,1475853500849209070
200,1475853500848876953,1475853500850840091
201,1475853500849864006,1475853500851444005
202,1475853500851620912,1475853500852747917
203,1475853500852130889,1475853500853231906
204,1475853500852617025,1475853500853957891
205,1475853500853545904,1475853500854584932
206,1475853500854228019,1475853500855437040
207,1475853500855078935,1475853500856092929
208,1475853500856276988,1475853500857330083
209,1475853500857072114,1475853500858371019
210,1475853500858074903,1475853500859443902
211,1475853500859072923,1475853500860162973
212,1475853500860301017,1475853500861442089
213,1475853500861073017,1475853500862190961
214,1475853500862302064,1475853500863450050
215,1475853500863075971,1475853500864161968
216,1475853500864304065,1475853500865430116
217,1475853500865072965,1475853500866074085
218,1475853500866261005,1475853500867325067
219,1475853500867070913,1475853500868444919
220,1475853500868072986,1475853500869165897
221,1475853500869301080,1475853500870452880
222,1475853500870074987,1475853500871189117
223,1475853500871299982,1475853500872443914
224,1475853500872075080,1475853500873172998
225,1475853500873312950,1475853500874443054
226,1475853500874073982,1475853500875228881
227,1475853500875108957,1475853500876329898
228,1475853500876075029,1475853500877445936
229,1475853500877073049,1475853500878171920
230,1475853500878300905,1475853500879440069
231,1475853500879072904,1475853500880186080
232,1475853500880295991,1475853500881328105
233,1475853500881074905,1475853500882438898
234,1475853500882071971,1475853500883192062
235,1475853500883317947,1475853500884358882
236,1475853500884074926,1475853500885433912
237,1475853500885073900,1475853500886090040
238,1475853500886276960,1475853500887339115
239,1475853500887073040,1475853500888439893
240,1475853500888072967,1475853500889144897
241,1475853500889300107,1475853500890440940
242,1475853500890073060,1475853500891163110
243,1475853500891294002,1475853500892349958
244,1475853500892074108,1475853500893343925
245,1475853500893080949,1475853500894433975
246,1475853500894073963,1475853500895257949
247,1475853500895108938,1475853500896445989
248,1475853500896075963,1475853500897181034
249,1475853500897300958,1475853500898367881
250,1475853500898075103,1475853500899302005
251,1475853500899074077,1475853500900441884
252,1475853500900075912,1475853500901173114
253,1475853500901297092,1475853500902441978
254,1475853500902075052,1475853500903198957
255,1475853500903304100,1475853500904443979
256,1475853500904073953,1475853500905272006
257,1475853500905071973,1475853500906328916
258,1475853500906075954,1475853500907444953
259,1475853500907074928,1475853500908159017
260,1475853500908307075,1475853500909446001
261,1475853500909074068,1475853500910178899
262,1475853500910300970,1475853500911325931
263,1475853500911072015,1475853500912442922
264,1475853500912075042,1475853500913167953
265,1475853500913309097,1475853500914446115
266,1475853500914071083,1475853500915229082
267,1475853500915111064,1475853500916445970
268,1475853500916076898,1475853500917159080
269,1475853500917299032,1475853500918437004
270,1475853500918071985,1475853500919183015
271,1475853500919303894,1475853500920356988
272,1475853500920073032,1475853500921369075
273,1475853500921073913,1475853500922452926
274,1475853500922075986,1475853500923187971
275,1475853500923312902,1475853500924354076
276,1475853500924072980,1475853500925427913
277,1475853500925074100,1475853500926073074
278,1475853500926258087,1475853500927325963
279,1475853500927073955,1475853500928442001
280,1475853500928075075,1475853500929191112
281,1475853500929299116,1475853500930438995
282,1475853500930073976,1475853500931184053
283,1475853500931319952,1475853500932426929
284,1475853500932070970,1475853500933140993
285,1475853500933298110,1475853500934438943
286,1475853500934072017,1475853500935265064
287,1475853500935072898,1475853500936441898
288,1475853500936074972,1475853500937187910
289,1475853500937302112,1475853500938438892
290,1475853500938072919,1475853500939158916
291,1475853500939299106,1475853500940442085
292,1475853500940071105,1475853500941179037
293,1475853500941298007,1475853500942435026
294,1475853500942071914,1475853500943201065
295,1475853500943308115,1475853500944448947
296,1475853500944075107,1475853500945214986
297,1475853500945071935,1475853500946449041
298,1475853500946078062,1475853500947190999
299,1475853500947303056,1475853500948451042
300,1475853500948075056,1475853500949059009
301,1475853500949242115,1475853500950325965
302,1475853500950074911,1475853500951365947
303,1475853500951076030,1475853500952431917
304,1475853500952074050,1475853500953169107
305,1475853500953310966,1475853500954425096
306,1475853500954073905,1475853500955281972
307,1475853500955075025,1475853500956437110
308,1475853500956078052,1475853500957159042
309,1475853500957300901,1475853500958328008
310,1475853500958076000,1475853500959372997
311,1475853500959075927,1475853500960371971
312,1475853500960073947,1475853500961446046
313,1475853500961075067,1475853500962157964
314,1475853500962296962,1475853500963340044
315,1475853500963082075,1475853500964446067
316,1475853500964073896,1475853500965251922
317,1475853500965073108,1475853500966444015
318,1475853500966077089,1475853500967175960
319,1475853500967307090,1475853500968333959
320,1475853500968074083,1475853500969441890
321,1475853500969073057,1475853500970199108
322,1475853500970295906,1475853500971338987
323,1475853500971076011,1475853500972430944
324,1475853500972073078,1475853500973140954
325,1475853500973299980,1475853500974272966
326,1475853500974072933,1475853500975431919
327,1475853500975076913,1475853500976089954
328,1475853500976274013,1475853500977332115
329,1475853500977072000,1475853500978332996
330,1475853500978075981,1475853500979444980
331,1475853500979074954,1475853500980173110
332,1475853500980304002,1475853500981439113
333,1475853500981072902,1475853500982142925
334,1475853500982297897,1475853500983331918
335,1475853500983074903,1475853500984442949
336,1475853500984074115,1475853500985224008
337,1475853500985110998,1475853500986366033
338,1475853500986076116,1475853500987442970
339,1475853500987073898,1475853500988162994
340,1475853500988302946,1475853500989439964
341,1475853500989072084,1475853500990184068
342,1475853500990302085,1475853500991360902
343,1475853500991070985,1475853500992371082
344,1475853500992074012,1475853500993359088
345,1475853500993084907,1475853500994426012
346,1475853500994071006,1475853500995182037
347,1475853500995297908,1475853500996438026
348,1475853500996071100,1475853500997154951
349,1475853500997296094,1475853500998435020
350,1475853500998070001,1475853500999181032
351,1475853500999300003,1475853501000365018
352,1475853501000071048,1475853501001441001
353,1475853501001072883,1475853501002159118
354,1475853501002299070,1475853501003349065
355,1475853501003074884,1475853501004451990
356,1475853501004075050,1475853501005240917
357,1475853501005072116,1475853501006278038
358,1475853501006074905,1475853501007447004
359,1475853501007076978,1475853501008182048
360,1475853501008301973,1475853501009362936
361,1475853501009072065,1475853501010445117
362,1475853501010073900,1475853501011159896
363,1475853501011301040,1475853501012425899
364,1475853501012072086,1475853501013137102
365,1475853501013299942,1475853501014437913
366,1475853501014071941,1475853501015201091
367,1475853501015295028,1475853501016438961
368,1475853501016074895,1475853501017183065
369,1475853501017302989,1475853501018439054
370,1475853501018074989,1475853501019160032
371,1475853501019304990,1475853501020335912
372,1475853501020071983,1475853501021446943
373,1475853501021074056,1475853501022231101
374,1475853501022110939,1475853501023367881
375,1475853501023077011,1475853501024458885
376,1475853501024084091,1475853501025168895
377,1475853501025300979,1475853501026446104
378,1475853501026073932,1475853501027198076
379,1475853501027420043,1475853501028528928
380,1475853501028079032,1475853501029126882
381,1475853501029330015,1475853501030428886
382,1475853501030071973,1475853501031162977
383,1475853501031303882,1475853501032428979
384,1475853501032072067,1475853501033138990
385,1475853501033302068,1475853501034441947
386,1475853501034073114,1475853501035090923
387,1475853501035275936,1475853501036437988
388,1475853501036072969,1475853501037172079
389,1475853501037297964,1475853501038355112
390,1475853501038073062,1475853501039444923
391,1475853501039072990,1475853501040162086
392,1475853501040303945,1475853501041436910
393,1475853501041070938,1475853501042185068
394,1475853501042301893,1475853501043349027
395,1475853501043073892,1475853501044450998
396,1475853501044075012,1475853501045265913
397,1475853501045073032,1475853501046442031
398,1475853501046075105,1475853501047185897
399,1475853501047302007,1475853501048441886
400,1475853501048073053,1475853501049159049
401,1475853501049300909,1475853501050446987
402,1475853501050072908,1475853501051132917
403,1475853501051299095,1475853501052365064
404,1475853501052071094,1475853501053378105
405,1475853501053082942,1475853501054446935
406,1475853501054075002,1475853501055433988
407,1475853501055074930,1475853501056133985
408,1475853501056294918,1475853501057442903
409,1475853501057074069,1475853501058166980
410,1475853501058310031,1475853501059366941
411,1475853501059072017,1475853501060446977
412,1475853501060075044,1475853501061189889
413,1475853501061301946,1475853501062442064
414,1475853501062073945,1475853501063209056
415,1475853501063301086,1475853501064445018
416,1475853501064074039,1475853501065228939
417,1475853501065110921,1475853501066447019
418,1475853501066076993,1475853501067162990
419,1475853501067307949,1475853501068427085
420,1475853501068072080,1475853501069091081
421,1475853501069276094,1475853501070274114
422,1475853501070072889,1475853501071449041
423,1475853501071075916,1475853501072161912
424,1475853501072302103,1475853501073364019
425,1475853501073082923,1475853501074443101
426,1475853501074074983,1475853501075248003
427,1475853501075112104,1475853501076443910
428,1475853501076075077,1475853501077172040
429,1475853501077301979,1475853501078439950
430,1475853501078073024,1475853501079191923
431,1475853501079299926,1475853501080337047
432,1475853501080075025,1475853501081443071
433,1475853501081073045,1475853501082175970
434,1475853501082302093,1475853501083374023
435,1475853501083081007,1475853501084428071
436,1475853501084072113,1475853501085160017
437,1475853501085299968,1475853501086446046
438,1475853501086071968,1475853501087271928
439,1475853501087073087,1475853501088445901
440,1475853501088077068,1475853501089154958
441,1475853501089298009,1475853501090445995
442,1475853501090074062,1475853501091238975
443,1475853501091120958,1475853501092433929
444,1475853501092078924,1475853501093148946
445,1475853501093302011,1475853501094436883
446,1475853501094073057,1475853501095211982
447,1475853501095073938,1475853501096441984
448,1475853501096075057,1475853501097147941
449,1475853501097302913,1475853501098442077
450,1475853501098073005,1475853501099163055
451,1475853501099299907,1475853501100441932
452,1475853501100073099,1475853501101190090
453,1475853501101304054,1475853501102444887
454,1475853501102072954,1475853501103212118
455,1475853501103303909,1475853501104444026
456,1475853501104074001,1475853501105226993
457,1475853501105108976,1475853501106443881
458,1475853501106076002,1475853501107160091
459,1475853501107305049,1475853501108422994
460,1475853501108071088,1475853501109131097
461,1475853501109299898,1475853501110364913
462,1475853501110070943,1475853501111442089
463,1475853501111073970,1475853501112160921
464,1475853501112301111,1475853501113451957
465,1475853501113071918,1475853501114187002
466,1475853501114301919,1475853501115438938
467,1475853501115075111,1475853501116096019
468,1475853501116365909,1475853501117475986
469,1475853501117075920,1475853501118074893
470,1475853501118284940,1475853501119421958
471,1475853501119071960,1475853501120153903
472,1475853501120301961,1475853501121442079
473,1475853501121073961,1475853501122176885
474,1475853501122303009,1475853501123373031
475,1475853501123083114,1475853501124430894
476,1475853501124073028,1475853501125159025
477,1475853501125300884,1475853501126424074
478,1475853501126074075,1475853501127135992
479,1475853501127301931,1475853501128447055
480,1475853501128073930,1475853501129159927
481,1475853501129302978,1475853501130439996
482,1475853501130072116,1475853501131177902
483,1475853501131299018,1475853501132365942
484,1475853501132072925,1475853501133455991
485,1475853501133084058,1475853501134211063
486,1475853501134298086,1475853501135481119
487,1475853501135076999,1475853501136086940
488,1475853501136277914,1475853501137355089
489,1475853501137069940,1475853501138443946
490,1475853501138072967,1475853501139118909
491,1475853501139297008,1475853501140441894
492,1475853501140074014,1475853501141189098
493,1475853501141300916,1475853501142455101
494,1475853501142075061,1475853501143385887
495,1475853501143094062,1475853501144403934
496,1475853501144076108,1475853501145427942
497,1475853501145075082,1475853501146173000
498,1475853501146364927,1475853501147593021
499,1475853501147069931,1475853501148437023
500,1475853501148091077,1475853501149430036
501,1475853501149076938,1475853501150170087
502,1475853501150361061,1475853501151614904
503,1475853501151072978,1475853501152360916
504,1475853501152089118,1475853501153517007
505,1475853501153177022,1475853501154428005
506,1475853501154078006,1475853501155271053
507,1475853501155457973,1475853501156568050
508,1475853501156073093,1475853501157429933
509,1475853501157085895,1475853501158243894
510,1475853501158076047,1475853501159425020
511,1475853501159073114,1475853501160154104
512,1475853501160423040,1475853501161552906
513,1475853501161072015,1475853501162564039
514,1475853501162086963,1475853501163283109
515,1475853501163502931,1475853501164634943
516,1475853501164016962,1475853501165168046
517,1475853501165452003,1475853501166686058
518,1475853501166083097,1475853501167169094
519,1475853501167351007,1475853501168673992
520,1475853501168092966,1475853501169390916
521,1475853501169099092,1475853501171483039
522,1475853501170269966,1475853501171967983
523,1475853501171149015,1475853501172965049
524,1475853501172159910,1475853501173743009
525,1475853501173141002,1475853501174448966
526,1475853501174094915,1475853501175432920
527,1475853501175079107,1475853501176090002
528,1475853501176281929,1475853501177340030
529,1475853501177072048,1475853501178415060
530,1475853501178073883,1475853501179049968
531,1475853501179240942,1475853501180427074
532,1475853501180072069,1475853501181063890
533,1475853501181425094,1475853501182410001
534,1475853501182073116,1475853501183073043
535,1475853501183263063,1475853501184425115
536,1475853501184072017,1475853501185486078
537,1475853501185117006,1475853501186137914
538,1475853501186420917,1475853501187597990
539,1475853501187071084,1475853501188035964
540,1475853501188224077,1475853501189430952
541,1475853501189074039,1475853501190084934
542,1475853501190403938,1475853501191597938
543,1475853501191072940,1475853501192047119
544,1475853501192234992,1475853501193433046
545,1475853501193084001,1475853501194437980
546,1475853501194077968,1475853501195168018
547,1475853501195417881,1475853501196593046
548,1475853501196073055,1475853501197438955
549,1475853501197089910,1475853501198436975
550,1475853501198076963,1475853501199188947
551,1475853501199420928,1475853501200575113
552,1475853501200071096,1475853501201430082
553,1475853501201086997,1475853501202156066
554,1475853501202347040,1475853501203421115
555,1475853501203080892,1475853501204396963
556,1475853501204123020,1475853501205574035
557,1475853501205073118,1475853501206442117
558,1475853501206084012,1475853501207436084
559,1475853501207075119,1475853501208158016
560,1475853501208416938,1475853501209577083
561,1475853501209073066,1475853501210428953
562,1475853501210086107,1475853501211513996
563,1475853501211142063,1475853501212538003
564,1475853501212167024,1475853501213272094
565,1475853501213460922,1475853501214572906
566,1475853501214071989,1475853501215435981
567,1475853501215079069,1475853501216177940
568,1475853501216367959,1475853501217608928
569,1475853501217072010,1475853501218425989
570,1475853501218089103,1475853501219165086
571,1475853501219355106,1475853501220582008
572,1475853501220072031,1475853501221328973
573,1475853501221087932,1475853501222424030
574,1475853501222074031,1475853501223440885
575,1475853501223092079,1475853501224245071
576,1475853501224076032,1475853501225409030
577,1475853501225074052,1475853501226347923
578,1475853501226077079,1475853501227421998
579,1475853501227075099,1475853501228436946
580,1475853501228085994,1475853501229244947
581,1475853501229075908,1475853501230454921
582,1475853501230076074,1475853501231190919
583,1475853501231411933,1475853501232558012
584,1475853501232072114,1475853501233105897
585,1475853501233288049,1475853501234411001
586,1475853501234072923,1475853501235363006
587,1475853501235089063,1475853501236402034
588,1475853501236073970,1475853501237432956
589,1475853501237082004,1475853501238437891
590,1475853501238075017,1475853501239192962
591,1475853501239423036,1475853501240573883
592,1475853501240072011,1475853501241432905
593,1475853501241086959,1475853501242435932
594,1475853501242074966,1475853501243516921
595,1475853501243125915,1475853501244244098
596,1475853501244436025,1475853501245579957
597,1475853501245069980,1475853501246422052
598,1475853501246071100,1475853501247432947
599,1475853501247075080,1475853501248162031
600,1475853501248414039,1475853501249578952
601,1475853501249068975,1475853501250431060
602,1475853501250082969,1475853501251425027
603,1475853501251071929,1475853501252485990
604,1475853501252116918,1475853501253232002
605,1475853501253422021,1475853501254575967
606,1475853501254075050,1475853501255297899
607,1475853501255079984,1475853501256398916
608,1475853501256077051,1475853501256824016
609,1475853501257077932,1475853501257802963
610,1475853501258074998,1475853501258840084
611,1475853501259073019,1475853501259820938
612,1475853501260073900,1475853501260840892
613,1475853501261074066,1475853501261821031
614,1475853501262073993,1475853501262829065
615,1475853501263077974,1475853501263854026
616,1475853501264075994,1475853501264826059
617,1475853501265072107,1475853501265847921
618,1475853501266076087,1475853501266820907
619,1475853501267075061,1475853501267826080
620,1475853501268074989,1475853501268855094
621,1475853501269077062,1475853501269864082
622,1475853501270072937,1475853501270791053
623,1475853501271075963,1475853501271842002
624,1475853501272075891,1475853501272847890
625,1475853501273108959,1475853501273884057
626,1475853501274075984,1475853501274828910
627,1475853501275074958,1475853501275854110
628,1475853501276073932,1475853501276844024
629,1475853501277071952,1475853501277856111
630,1475853501278074979,1475853501278826951
631,1475853501279073953,1475853501279825925
632,1475853501280073881,1475853501280844926
633,1475853501281074047,1475853501281830072
634,1475853501282075881,1475853501282830953
635,1475853501283075094,1475853501283858060
636,1475853501284074068,1475853501284828901
637,1475853501285073041,1475853501285849094
638,1475853501286076068,1475853501286823034
639,1475853501287075042,1475853501287826061
640,1475853501288074970,1475853501288830041
641,1475853501289077043,1475853501289825916
642,1475853501290076017,1475853501290853977
643,1475853501291076898,1475853501291829109
644,1475853501292074918,1475853501292825937
645,1475853501293076992,1475853501293848991
646,1475853501294075012,1475853501294828891
647,1475853501295075893,1475853501295855998
648,1475853501296076059,1475853501296827077
649,1475853501297075986,1475853501297827959
650,1475853501298074960,1475853501298827886
651,1475853501299074888,1475853501299786090
652,1475853501300075054,1475853501300823926
653,1475853501301074981,1475853501301826000
654,1475853501302077054,1475853501302825927
655,1475853501303080081,1475853501303921937
656,1475853501304100036,1475853501304884910
657,1475853501305080890,1475853501305849075
658,1475853501306076049,1475853501306827068
659,1475853501307075023,1475853501307822942
660,1475853501308074951,1475853501308856010
661,1475853501309073925,1475853501309825897
662,1475853501310075044,1475853501310825109
663,1475853501311074972,1475853501311827898
664,1475853501312074899,1475853501312827110
665,1475853501313076972,1475853501313834905
666,1475853501314074039,1475853501314835071
667,1475853501315076112,1475853501315856933
668,1475853501316075086,1475853501316829919
669,1475853501317075967,1475853501317859888
670,1475853501318077087,1475853501318828105
671,1475853501319072961,1475853501319833040
672,1475853501320075988,1475853501320836067
673,1475853501321077108,1475853501321830034
674,1475853501322074890,1475853501322832107
675,1475853501323077917,1475853501323857069
676,1475853501324074983,1475853501324829101
677,1475853501325077056,1475853501325838088
678,1475853501326076030,1475853501326833963
679,1475853501327075004,1475853501327831983
680,1475853501328077077,1475853501328835010
681,1475853501329075098,1475853501329833984
682,1475853501330074071,1475853501330862998
683,1475853501331075906,1475853501331831932
684,1475853501332076072,1475853501332833051
685,1475853501333076953,1475853501333832979
686,1475853501334078073,1475853501334830999
687,1475853501335073947,1475853501335836887
688,1475853501336075067,1475853501336828947
689,1475853501337074995,1475853501337831020
690,1475853501338074922,1475853501338835000
691,1475853501339076995,1475853501339867115
692,1475853501340075969,1475853501340831041
693,1475853501341074943,1475853501341836929
694,1475853501342078924,1475853501342936038
695,1475853501343174934,1475853501343956947
696,1475853501344152927,1475853501344917058
697,1475853501345108032,1475853501345864057
698,1475853501346076011,1475853501346832036
699,1475853501347074985,1475853501347831010
700,1475853501348074913,1475853501348856925
701,1475853501349076032,1475853501349832057
702,1475853501350075960,1475853501350830078
703,1475853501351077079,1475853501351790904
704,1475853501352075099,1475853501352838039
705,1475853501353075981,1475853501353840112
706,1475853501354077100,1475853501354836940
707,1475853501355078935,1475853501356426954
708,1475853501356081008,1475853501357093095
709,1475853501357285022,1475853501358393907
710,1475853501358072996,1475853501359061956
711,1475853501359251976,1475853501360343933
712,1475853501360073089,1475853501361515045
713,1475853501361166954,1475853501362432003
714,1475853501362076997,1475853501363079071
715,1475853501363418102,1475853501364583969
716,1475853501364070892,1475853501365437984
717,1475853501365086078,1475853501366154909
718,1475853501366347074,1475853501367590904
719,1475853501367072105,1475853501368356943
720,1475853501368088006,1475853501369404077
721,1475853501369072914,1475853501370423078
722,1475853501370075941,1475853501371431112
723,1475853501371073961,1475853501372158050
724,1475853501372390985,1475853501373598098
725,1475853501373080968,1475853501374435901
726,1475853501374092102,1475853501375428915
727,1475853501375077009,1475853501376168966
728,1475853501376359939,1475853501377393960
729,1475853501377075910,1475853501378416061
730,1475853501378078937,1475853501379143953
731,1475853501379336118,1475853501380589962
732,1475853501380073070,1475853501381362915
733,1475853501381093025,1475853501382432937
734,1475853501382076025,1475853501383436918
735,1475853501383085966,1475853501384433984
736,1475853501384078979,1475853501385212898
737,1475853501385423898,1475853501386576890
738,1475853501386070966,1475853501387438058
739,1475853501387092113,1475853501388431072
740,1475853501388077020,1475853501389487981
741,1475853501389121055,1475853501390218973
742,1475853501390422105,1475853501391577959
743,1475853501391072034,1475853501392436981
744,1475853501392085075,1475853501393459081
745,1475853501393095016,1475853501394495964
746,1475853501394121885,1475853501395277976
747,1475853501395466089,1475853501396572113
748,1475853501396070957,1475853501397459983
749,1475853501397089004,1475853501398547887
750,1475853501398181915,1475853501399265050
751,1475853501399446010,1475853501400593996
752,1475853501400077104,1475853501401432037
753,1475853501401084899,1475853501402432918
754,1475853501402076959,1475853501403177022
755,1475853501403367996,1475853501404589891
756,1475853501404072046,1475853501405427932
757,1475853501405086040,1475853501406433105
758,1475853501406075954,1475853501407450914
759,1475853501407078027,1475853501408179998
760,1475853501408397912,1475853501409578084
761,1475853501409070014,1475853501410438060
762,1475853501410088062,1475853501411433935
763,1475853501411077022,1475853501412168979
764,1475853501412420034,1475853501413602113
765,1475853501413079977,1475853501414441108
766,1475853501414093971,1475853501415522098
767,1475853501415164947,1475853501416490077
768,1475853501416116952,1475853501417243957
769,1475853501417422056,1475853501418574094
770,1475853501418071985,1475853501419440031
771,1475853501419085979,1475853501420173883
772,1475853501420352935,1475853501421597957
773,1475853501421075105,1475853501422430992
774,1475853501422092914,1475853501423438072
775,1475853501423089981,1475853501424166917
776,1475853501424335956,1475853501425595045
777,1475853501425076007,1475853501426361083
778,1475853501426084041,1475853501427416086
779,1475853501427074909,1475853501428294897
780,1475853501428126096,1475853501429413080
781,1475853501429075002,1475853501430351972
782,1475853501430079936,1475853501431401968
783,1475853501431075096,1475853501432430028
784,1475853501432075023,1475853501433173894
785,1475853501433352947,1475853501434601068
786,1475853501434076070,1475853501435254096
787,1475853501435082912,1475853501436398983
788,1475853501436077117,1475853501437434911
789,1475853501437079906,1475853501438487052
790,1475853501438118934,1475853501439220905
791,1475853501439424991,1475853501440573930
792,1475853501440073013,1475853501441080093
793,1475853501441270112,1475853501442400932
794,1475853501442075967,1475853501443459987
795,1475853501443082094,1475853501444185972
796,1475853501444401979,1475853501445574045
797,1475853501445070981,1475853501446310997
798,1475853501446082115,1475853501447403907
799,1475853501447074890,1475853501448347091
800,1475853501448076963,1475853501449398994
801,1475853501449073076,1475853501450428009
802,1475853501450081110,1475853501451431989
803,1475853501451076984,1475853501452161073
804,1475853501452392101,1475853501453596115
805,1475853501453080892,1475853501454442024
806,1475853501454092979,1475853501455514907
807,1475853501455164909,1475853501456439018
808,1475853501456074953,1475853501457165956
809,1475853501457403898,1475853501458584070
810,1475853501458072900,1475853501459440946
811,1475853501459088087,1475853501460443019
812,1475853501460076093,1475853501461165904
813,1475853501461422920,1475853501462587118
814,1475853501462073087,1475853501463440895
815,1475853501463088989,1475853501464435100
816,1475853501464078903,1475853501465547084
817,1475853501465172052,1475853501466275930
818,1475853501466464042,1475853501467573881
819,1475853501467071056,1475853501468303918
820,1475853501468080997,1475853501469398021
821,1475853501469075918,1475853501470349073
822,1475853501470076084,1475853501471407890
823,1475853501471076011,1475853501472426891
824,1475853501472075939,1475853501473449945
825,1475853501473087072,1475853501474100112
826,1475853501474396944,1475853501475574970
827,1475853501475069999,1475853501476433992
828,1475853501476084947,1475853501477428913
829,1475853501477076053,1475853501478163957
830,1475853501478353977,1475853501479387998
831,1475853501479073047,1475853501480422019
832,1475853501480082988,1475853501481153011
833,1475853501481342077,1475853501482580900
834,1475853501482073068,1475853501483369112
835,1475853501483094930,1475853501484345912
836,1475853501484074115,1475853501485480070
837,1475853501485171079,1475853501486437082
838,1475853501486082077,1475853501487169027
839,1475853501487418889,1475853501488594055
840,1475853501488074064,1475853501489437103
841,1475853501489090919,1475853501490318059
842,1475853501490138053,1475853501491430044
843,1475853501491077899,1475853501492352008
844,1475853501492082118,1475853501493391990
845,1475853501493074893,1475853501494419097
846,1475853501494076967,1475853501495425939
847,1475853501495074987,1475853501496490955
848,1475853501496119022,1475853501497226953
849,1475853501497416019,1475853501498580932
850,1475853501498070001,1475853501499439001
851,1475853501499083042,1475853501500436067
852,1475853501500073909,1475853501501144886
853,1475853501501416921,1475853501502558946
854,1475853501502070903,1475853501503448963
855,1475853501503089904,1475853501504432916
856,1475853501504077911,1475853501505491971
857,1475853501505120038,1475853501506227970
858,1475853501506419897,1475853501507585048
859,1475853501507071971,1475853501508311986
860,1475853501508083105,1475853501509412050
861,1475853501509073972,1475853501510353088
862,1475853501510077953,1475853501511394977
863,1475853501511074066,1475853501512425899
864,1475853501512079954,1475853501513446092
865,1475853501513087034,1475853501514183044
866,1475853501514420032,1475853501515580892
867,1475853501515073060,1475853501516424894
868,1475853501516077041,1475853501517157077
869,1475853501517347097,1475853501518593072
870,1475853501518070936,1475853501519359111
871,1475853501519087076,1475853501520417928
872,1475853501520076990,1475853501521430015
873,1475853501521075963,1475853501522167921
874,1475853501522344112,1475853501523457050
875,1475853501523085117,1475853501524352073
876,1475853501524077892,1475853501525437116
877,1475853501525166034,1475853501526588916
878,1475853501526073932,1475853501527467012
879,1475853501527090072,1475853501528203010
880,1475853501528453111,1475853501529583930
881,1475853501529072999,1475853501530356884
882,1475853501530081987,1475853501531426906
883,1475853501531081914,1475853501532155990
884,1475853501532349109,1475853501533596038
885,1475853501533082962,1475853501534332036
886,1475853501534090042,1475853501535604000
887,1475853501535075902,1475853501536434888
888,1475853501536089897,1475853501537168979
889,1475853501537358999,1475853501538589000
890,1475853501538070917,1475853501539026975
891,1475853501539213895,1475853501540393114
892,1475853501540072917,1475853501541425943
893,1475853501541084051,1475853501542431116
894,1475853501542073965,1475853501543495893
895,1475853501543122053,1475853501544238090
896,1475853501544420957,1475853501545583963
897,1475853501545072078,1475853501546422958
898,1475853501546077013,1475853501547508001
899,1475853501547172069,1475853501548494100
900,1475853501548115968,1475853501549236059
901,1475853501549424886,1475853501550573110
902,1475853501550071001,1475853501551248073
903,1475853501551084041,1475853501552575111
904,1475853501552078008,1475853501553117036
905,1475853501553356885,1475853501554593086
906,1475853501554070949,1475853501555437088
907,1475853501555084943,1475853501556437969
908,1475853501556080102,1475853501557087898
909,1475853501557394981,1475853501558388948
910,1475853501558073043,1475853501559423923
911,1475853501559076070,1475853501560642004
912,1475853501560086011,1475853501561151981
913,1475853501561328887,1475853501562364101
914,1475853501562076091,1475853501563577890
915,1475853501563083887,1475853501564039945
916,1475853501564225912,1475853501565362930
917,1475853501565073966,1475853501566543102
918,1475853501566179037,1475853501567261934
919,1475853501567452907,1475853501568583965
920,1475853501568074941,1475853501569312095
921,1475853501569083929,1475853501570390939
922,1475853501570072889,1475853501571347951
923,1475853501571077108,1475853501572350025
924,1475853501572074890,1475853501573390960
925,1475853501573082923,1475853501574440956
926,1475853501574081897,1475853501575238943
927,1475853501575407028,1475853501576580047
928,1475853501576073884,1475853501577430963
929,1475853501577085971,1475853501578165054
930,1475853501578355073,1475853501579592943
931,1475853501579072952,1475853501580367088
932,1475853501580091953,1475853501581418037
933,1475853501581074953,1475853501582438945
934,1475853501582083940,1475853501583195924
935,1475853501583378076,1475853501584606885
936,1475853501584076881,1475853501585361003
937,1475853501585088968,1475853501586493015
938,1475853501586168050,1475853501587436914
939,1475853501587083101,1475853501588494062
940,1475853501588123083,1475853501589221954
941,1475853501589396953,1475853501590579032
942,1475853501590071916,1475853501591252088
943,1475853501591087102,1475853501592390060
944,1475853501592075109,1475853501593461990
945,1475853501593084096,1475853501594201087
946,1475853501594423055,1475853501595593929
947,1475853501595072031,1475853501596432924
948,1475853501596077919,1475853501597495079
949,1475853501597126007,1475853501598239898
950,1475853501598424911,1475853501599581003
951,1475853501599071979,1475853501600140094
952,1475853501600282907,1475853501601396083
953,1475853501601075887,1475853501602411985
954,1475853501602081060,1475853501603363037
955,1475853501603086948,1475853501604507923
956,1475853501604167938,1475853501605343103
957,1475853501605077981,1475853501606349945
958,1475853501606076002,1475853501607402086
959,1475853501607074975,1475853501608426094
960,1475853501608084917,1475853501609158039
961,1475853501609348058,1475853501610421895
962,1475853501610074996,1475853501611351013
963,1475853501611078023,1475853501612386941
964,1475853501612072944,1475853501613430976
965,1475853501613084077,1475853501614434957
966,1475853501614075899,1475853501615222930
967,1475853501615418910,1475853501616570949
968,1475853501616071939,1475853501617429971
969,1475853501617086887,1475853501618434906
970,1475853501618077993,1475853501619491100
971,1475853501619122028,1475853501620372056
972,1475853501620563030,1475853501621649026
973,1475853501621031045,1475853501622430086
974,1475853501622073888,1475853501623179912
975,1475853501623369932,1475853501624598979
976,1475853501624073028,1475853501625427961
977,1475853501625087022,1475853501626430988
978,1475853501626077890,1475853501627166032
979,1475853501627343893,1475853501628611087
980,1475853501628076076,1475853501629362106
981,1475853501629087924,1475853501630511999
982,1475853501630171060,1475853501631428956
983,1475853501631078958,1475853501632165908
984,1475853501632358074,1475853501633609056
985,1475853501633084058,1475853501634429931
986,1475853501634088993,1475853501635303020
987,1475853501635076999,1475853501636437892
988,1475853501636073112,1475853501637161970
989,1475853501637428045,1475853501638582944
990,1475853501638073921,1475853501639434099
991,1475853501639085054,1475853501640438079
992,1475853501640075922,1475853501641160964
993,1475853501641400098,1475853501642586946
994,1475853501642071962,1475853501643685102
995,1475853501643091917,1475853501644433021
996,1475853501644089937,1475853501645426034
997,1475853501645076990,1475853501646442890
998,1475853501646079063,1475853501647181034
999,1475853501647401094,1475853501648447036
