0,1475853531968521118,1475853531973383903
1,1475853531969079017,1475853531974515914
2,1475853531969439983,1475853531975934982
3,1475853531969786882,1475853531977201938
4,1475853531970134973,1475853531977416992
5,1475853531970484018,1475853531977474927
6,1475853531970881938,1475853531979195117
7,1475853531971275091,1475853531981633901
8,1475853531971647977,1475853531981703042
9,1475853531972044944,1475853531981762886
10,1475853531972441911,1475853531981822013
11,1475853531972793102,1475853531983429908
12,1475853531973186969,1475853531983503103
13,1475853531973912954,1475853531983563899
14,1475853531974277019,1475853531983624935
15,1475853531974845886,1475853531983680963
16,1475853531975267887,1475853531984061956
17,1475853531975667953,1475853531984127044
18,1475853531976250886,1475853531984188079
19,1475853531976612091,1475853531984245061
20,1475853531976983070,1475853531985924005
21,1475853531977857112,1475853531987169981
22,1475853531978266954,1475853531987763881
23,1475853531978616952,1475853531990681886
24,1475853531978964090,1475853531991674900
25,1475853531979471921,1475853531991743087
26,1475853531979866027,1475853531991802930
27,1475853531980262041,1475853531996495008
28,1475853531980705976,1475853531996567010
29,1475853531981065034,1475853531999588966
30,1475853531982098102,1475853532003576993
31,1475853531982494115,1475853532003645896
32,1475853531982924938,1475853532003706932
33,1475853531983288049,1475853532003767013
34,1475853531984549999,1475853532004019021
35,1475853531984915971,1475853532004082918
36,1475853531985296964,1475853532004667043
37,1475853531985683917,1475853532004730939
38,1475853531986247062,1475853532004791021
39,1475853531986603021,1475853532006947040
40,1475853531986951112,1475853532007921934
41,1475853531987531900,1475853532008235931
42,1475853531988087892,1475853532008430004
43,1475853531988491058,1475853532009036064
44,1475853531988859891,1475853532009641885
45,1475853531989248991,1475853532010570049
46,1475853531989639043,1475853532011944055
47,1475853531990061998,1475853532013750076
48,1475853531990416049,1475853532013818979
49,1475853531990995883,1475853532013879060
50,1475853531991357088,1475853532015168905
51,1475853531992114067,1475853532016320943
52,1475853531992516040,1475853532016387939
53,1475853531992953062,1475853532018310070
54,1475853531993352890,1475853532018388986
55,1475853531993704080,1475853532018450021
56,1475853531994050025,1475853532018508911
57,1475853531994395017,1475853532018568992
58,1475853531994779109,1475853532019155979
59,1475853531995126962,1475853532020289897
60,1475853531995476007,1475853532020359039
61,1475853531995821952,1475853532020422935
62,1475853531996165990,1475853532020479917
63,1475853531996876001,1475853532020538091
64,1475853531997236013,1475853532022772073
65,1475853531997581958,1475853532026441097
66,1475853531997970104,1475853532032061100
67,1475853531998316049,1475853532032149076
68,1475853531998665094,1475853532032211065
69,1475853531999006032,1475853532032270908
70,1475853531999351024,1475853532033858060
71,1475853531999944925,1475853532033926010
72,1475853532000305891,1475853532033984899
73,1475853532000695943,1475853532034044027
74,1475853532001045942,1475853532034105062
75,1475853532001391887,1475853532034162044
76,1475853532001734018,1475853532034216880
77,1475853532002079010,1475853532034275054
78,1475853532002424001,1475853532034337043
79,1475853532002808094,1475853532034393072
80,1475853532003206968,1475853532034451007
81,1475853532004364967,1475853532034508943
82,1475853532005088090,1475853532034936904
83,1475853532005477905,1475853532035002946
84,1475853532005858898,1475853532035060882
85,1475853532006242990,1475853532035120010
86,1475853532006660938,1475853532037559986
87,1475853532007268905,1475853532037628889
88,1475853532007708072,1475853532038546085
89,1475853532008745908,1475853532038614988
90,1475853532009358882,1475853532038674116
91,1475853532009974956,1475853532039108037
92,1475853532010338068,1475853532039175033
93,1475853532010871887,1475853532039233922
94,1475853532011266946,1475853532039293050
95,1475853532011674880,1475853532039351940
96,1475853532012270927,1475853532044338941
97,1475853532012629985,1475853532044418096
98,1475853532013068914,1475853532046425104
99,1475853532013427972,1475853532046498060
100,1475853532014153957,1475853532046555042
101,1475853532014540910,1475853532046613931
102,1475853532014933109,1475853532046677112
103,1475853532015487909,1475853532046732902
104,1475853532015842914,1475853532046788930
105,1475853532016661882,1475853532046848058
106,1475853532017127037,1475853532048182964
107,1475853532017482042,1475853532048249006
108,1475853532017831087,1475853532048309087
109,1475853532018177986,1475853532048367977
110,1475853532018846035,1475853532048798084
111,1475853532019496917,1475853532049618959
112,1475853532019890069,1475853532051292896
113,1475853532020848989,1475853532051362991
114,1475853532021248102,1475853532051424026
115,1475853532021601915,1475853532051486968
116,1475853532021986007,1475853532051697015
117,1475853532022407054,1475853532053590059
118,1475853532023192882,1475853532054486036
119,1475853532023636102,1475853532055646896
120,1475853532024094104,1475853532056128978
121,1475853532024514913,1475853532057833909
122,1475853532024872064,1475853532067051887
123,1475853532025335073,1475853532067128896
124,1475853532026226043,1475853532067192077
125,1475853532026716947,1475853532067249059
126,1475853532027067899,1475853532067305088
127,1475853532027415990,1475853532067363023
128,1475853532027762889,1475853532067787885
129,1475853532028414011,1475853532067878961
130,1475853532028850078,1475853532067941904
131,1475853532029233932,1475853532068001985
132,1475853532029675006,1475853532068061113
133,1475853532030144929,1475853532070631980
134,1475853532030601978,1475853532071024894
135,1475853532030960083,1475853532072464942
136,1475853532031311035,1475853532072911977
137,1475853532031688928,1475853532073101997
138,1475853532032586097,1475853532073163986
139,1475853532032999038,1475853532073224067
140,1475853532034789085,1475853532073281049
141,1475853532035434007,1475853532073339939
142,1475853532035790920,1475853532073398113
143,1475853532036143064,1475853532073457956
144,1475853532036489963,1475853532073518991
145,1475853532036870956,1475853532073576927
146,1475853532037273883,1475853532073635101
147,1475853532037945985,1475853532073693990
148,1475853532038969039,1475853532073754072
149,1475853532039818048,1475853532073811054
150,1475853532040194988,1475853532073869943
151,1475853532040546894,1475853532073929071
152,1475853532040921926,1475853532073987007
153,1475853532041270971,1475853532074045896
154,1475853532041616916,1475853532074104070
155,1475853532042005062,1475853532074162960
156,1475853532042371988,1475853532074220895
157,1475853532042717933,1475853532074280023
158,1475853532043107032,1475853532074341058
159,1475853532043483972,1475853532074398040
160,1475853532043836116,1475853532074455022
161,1475853532044188022,1475853532074512958
162,1475853532044733047,1475853532074574947
163,1475853532045120000,1475853532074631929
164,1475853532045481920,1475853532074690103
165,1475853532045870065,1475853532074748992
166,1475853532047207117,1475853532075258970
167,1475853532047574043,1475853532075625896
168,1475853532048646926,1475853532075813055
169,1475853532049108028,1475853532075880050
170,1475853532049464941,1475853532075939893
171,1475853532049925088,1475853532076000928
172,1475853532050280094,1475853532076057910
173,1475853532050658941,1475853532076113939
174,1475853532051038980,1475853532076173067
175,1475853532052000999,1475853532076234102
176,1475853532052510976,1475853532076291084
177,1475853532053380966,1475853532076349020
178,1475853532053901910,1475853532076406955
179,1475853532054328918,1475853532076889038
180,1475853532054794073,1475853532077387094
181,1475853532055147886,1475853532077455997
182,1475853532055494070,1475853532080250978
183,1475853532055975914,1475853532080327987
184,1475853532056512117,1475853532080385923
185,1475853532056864023,1475853532080446004
186,1475853532057523012,1475853532080503940
187,1475853532058177947,1475853532081455945
188,1475853532058656930,1475853532083739995
189,1475853532059006929,1475853532084777116
190,1475853532059351921,1475853532084933042
191,1475853532059700965,1475853532085318088
192,1475853532060049057,1475853532085382938
193,1475853532060529947,1475853532086337089
194,1475853532060883045,1475853532086469888
195,1475853532061229944,1475853532086611986
196,1475853532061578035,1475853532090610027
197,1475853532061923980,1475853532090681076
198,1475853532062269926,1475853532090740919
199,1475853532062746047,1475853532090801000
200,1475853532063302040,1475853532090861082
201,1475853532063719034,1475853532090920925
202,1475853532064210891,1475853532090979099
203,1475853532064723014,1475853532091038942
204,1475853532065223932,1475853532091098070
205,1475853532065635919,1475853532091156005
206,1475853532065994977,1475853532091213941
207,1475853532066410064,1475853532091273069
208,1475853532066817998,1475853532091331958
209,1475853532067648887,1475853532091391086
210,1475853532068381071,1475853532091449022
211,1475853532070945978,1475853532091506958
212,1475853532071412086,1475853532091566085
213,1475853532071763992,1475853532091624021
214,1475853532072273015,1475853532091681957
215,1475853532072757959,1475853532091742992
216,1475853532075102090,1475853532091799974
217,1475853532075537919,1475853532091856002
218,1475853532076699972,1475853532091913938
219,1475853532077229976,1475853532091975927
220,1475853532077805042,1475853532098661899
221,1475853532078205108,1475853532098738908
222,1475853532078557014,1475853532099225997
223,1475853532079020977,1475853532099742889
224,1475853532079546928,1475853532099812984
225,1475853532080796003,1475853532099870920
226,1475853532081264019,1475853532099930047
227,1475853532081785917,1475853532099992036
228,1475853532082144021,1475853532100048065
229,1475853532082492113,1475853532100104093
230,1475853532082923889,1475853532100162029
231,1475853532083277940,1475853532100224971
232,1475853532083648920,1475853532100281000
233,1475853532084248065,1475853532100338935
234,1475853532084620952,1475853532100398063
235,1475853532085235118,1475853532100456953
236,1475853532085736036,1475853532100912094
237,1475853532086174964,1475853532101387977
238,1475853532086920976,1475853532103288888
239,1475853532087296962,1475853532103362083
240,1475853532087693929,1475853532103423118
241,1475853532088196039,1475853532103486061
242,1475853532088656902,1475853532103543043
243,1475853532089117050,1475853532103601932
244,1475853532089673995,1475853532103661060
245,1475853532092320919,1475853532108163118
246,1475853532092830896,1475853532108237981
247,1475853532093240022,1475853532108299016
248,1475853532093624114,1475853532108359098
249,1475853532094302892,1475853532108418941
250,1475853532094805955,1475853532108478069
251,1475853532095165014,1475853532108536958
252,1475853532095556974,1475853532108594894
253,1475853532096040010,1475853532108654022
254,1475853532096393108,1475853532108714103
255,1475853532096780061,1475853532108772039
256,1475853532097256898,1475853532108830928
257,1475853532097721099,1475853532108890056
258,1475853532098237991,1475853532108949899
259,1475853532099034070,1475853532109008073
260,1475853532099585056,1475853532109067916
261,1475853532100759029,1475853532109126091
262,1475853532101229906,1475853532109180927
263,1475853532101694107,1475853532112896919
264,1475853532102149009,1475853532113464117
265,1475853532102658033,1475853532114340066
266,1475853532103960990,1475853532121179103
267,1475853532104489088,1475853532121644020
268,1475853532104847908,1475853532121776103
269,1475853532105238914,1475853532123121023
270,1475853532105726003,1475853532124073982
271,1475853532106195926,1475853532126449108
272,1475853532106547117,1475853532131362915
273,1475853532106997013,1475853532131427049
274,1475853532107512950,1475853532131486892
275,1475853532109493017,1475853532131546974
276,1475853532109889030,1475853532134200096
277,1475853532110244035,1475853532135948896
278,1475853532110627889,1475853532136411905
279,1475853532111017942,1475853532136502981
280,1475853532111373901,1475853532136568069
281,1475853532111766099,1475853532136627912
282,1475853532112266063,1475853532137537002
283,1475853532112729072,1475853532138009071
284,1475853532113298892,1475853532139633893
285,1475853532113715887,1475853532142476081
286,1475853532114181041,1475853532142546892
287,1475853532114656925,1475853532142607927
288,1475853532115010023,1475853532143157005
289,1475853532115386962,1475853532144283056
290,1475853532115765094,1475853532145100116
291,1475853532116115093,1475853532145248889
292,1475853532116462945,1475853532145713090
293,1475853532116868972,1475853532147783994
294,1475853532117260932,1475853532147917985
295,1475853532117649078,1475853532148817062
296,1475853532118148088,1475853532148951053
297,1475853532118617057,1475853532149738073
298,1475853532119111061,1475853532149805068
299,1475853532119550943,1475853532149868965
300,1475853532120033979,1475853532149925947
301,1475853532120477914,1475853532149981975
302,1475853532120990037,1475853532150039911
303,1475853532121493101,1475853532150101900
304,1475853532122167110,1475853532150157928
305,1475853532122570037,1475853532150217056
306,1475853532122967004,1475853532150276899
307,1475853532123441934,1475853532151252985
308,1475853532123934984,1475853532152422904
309,1475853532124454975,1475853532152826070
310,1475853532124813079,1475853532153479099
311,1475853532125164985,1475853532153613090
312,1475853532125566959,1475853532154032945
313,1475853532125946998,1475853532154099941
314,1475853532126302003,1475853532154160022
315,1475853532128487110,1475853532154221057
316,1475853532128897905,1475853532154278039
317,1475853532129251003,1475853532154335021
318,1475853532129930019,1475853532161931037
319,1475853532130296945,1475853532162009000
320,1475853532130645990,1475853532162072896
321,1475853532130991935,1475853532162130117
322,1475853532131906986,1475853532162187099
323,1475853532132442951,1475853532162245988
324,1475853532132987976,1475853532162307024
325,1475853532133346080,1475853532162363052
326,1475853532133727073,1475853532162420988
327,1475853532134497880,1475853532162478923
328,1475853532135036945,1475853532163305997
329,1475853532135401010,1475853532163393020
330,1475853532135791063,1475853532163455963
331,1475853532136264085,1475853532163515090
332,1475853532136923074,1475853532163573980
333,1475853532137376070,1475853532163633108
334,1475853532137859106,1475853532163691997
335,1475853532138403892,1475853532163749933
336,1475853532138807058,1475853532163809061
337,1475853532139161109,1475853532163866043
338,1475853532139548063,1475853532163923978
339,1475853532140027999,1475853532175079107
340,1475853532140547037,1475853532175158977
341,1475853532140913009,1475853532175218105
342,1475853532142934083,1475853532175273895
343,1475853532143424987,1475853532175333023
344,1475853532143784999,1475853532175394058
345,1475853532144130945,1475853532175450086
346,1475853532144593954,1475853532175508022
347,1475853532144946098,1475853532175566911
348,1475853532145601034,1475853532176027059
349,1475853532146059036,1475853532176438093
350,1475853532146509885,1475853532178164005
351,1475853532146895885,1475853532179025888
352,1475853532147247076,1475853532179095983
353,1475853532147634983,1475853532179157018
354,1475853532148246049,1475853532179217100
355,1475853532148603916,1475853532179272890
356,1475853532149226903,1475853532179331064
357,1475853532149590969,1475853532179393053
358,1475853532150563001,1475853532179449081
359,1475853532151036977,1475853532179503917
360,1475853532151515960,1475853532179562091
361,1475853532151874065,1475853532179622888
362,1475853532152266979,1475853532179678916
363,1475853532152738094,1475853532179738044
364,1475853532153264999,1475853532179795980
365,1475853532153886079,1475853532180701017
366,1475853532154674053,1475853532182087898
367,1475853532155035018,1475853532182158946
368,1475853532155522108,1475853532182219028
369,1475853532155981063,1475853532182279109
370,1475853532156481981,1475853532182337999
371,1475853532156944036,1475853532182396888
372,1475853532157293081,1475853532182456016
373,1475853532157735109,1475853532182514905
374,1475853532158241987,1475853532182573080
375,1475853532158615112,1475853532183146953
376,1475853532159090042,1475853532183217048
377,1475853532159553050,1475853532183276891
378,1475853532160065889,1475853532183336019
379,1475853532160552978,1475853532183396100
380,1475853532160904884,1475853532183454990
381,1475853532161292076,1475853532183512926
382,1475853532162760019,1475853532183571100
383,1475853532163166999,1475853532185609102
384,1475853532164254903,1475853532185678958
385,1475853532164699077,1475853532185743093
386,1475853532165077924,1475853532185800075
387,1475853532165577888,1475853532185856103
388,1475853532165927886,1475853532185914993
389,1475853532166306018,1475853532185976028
390,1475853532166656017,1475853532186033010
391,1475853532167004108,1475853532186090946
392,1475853532167392969,1475853532186150074
393,1475853532167869091,1475853532186995983
394,1475853532168340921,1475853532187405109
395,1475853532168831110,1475853532187469005
396,1475853532169280052,1475853532188015937
397,1475853532169764995,1475853532189584016
398,1475853532170222997,1475853532189732074
399,1475853532170572996,1475853532189903974
400,1475853532171027898,1475853532190680027
401,1475853532171509981,1475853532191948890
402,1475853532171957969,1475853532192095994
403,1475853532172437906,1475853532193743944
404,1475853532172915935,1475853532194695949
405,1475853532173789978,1475853532195578098
406,1475853532174163103,1475853532196039915
407,1475853532174782991,1475853532196574926
408,1475853532175878047,1475853532196641921
409,1475853532176348924,1475853532197137117
410,1475853532176824092,1475853532197206974
411,1475853532177218914,1475853532197268009
412,1475853532177573919,1475853532197328090
413,1475853532177952051,1475853532197386980
414,1475853532178514003,1475853532197446107
415,1475853532178877115,1475853532197505950
416,1475853532180083990,1475853532197562932
417,1475853532180552005,1475853532198288917
418,1475853532181216955,1475853532198360919
419,1475853532182913064,1475853532200001955
420,1475853532184071063,1475853532200071096
421,1475853532186444044,1475853532200130939
422,1475853532186845064,1475853532200191020
423,1475853532187320947,1475853532200248956
424,1475853532187827110,1475853532200309038
425,1475853532188303947,1475853532200366973
426,1475853532188653945,1475853532200426101
427,1475853532189080953,1475853532200481891
428,1475853532189429998,1475853532200540065
429,1475853532190156936,1475853532200602054
430,1475853532190526008,1475853532200659036
431,1475853532190985918,1475853532200715065
432,1475853532191339015,1475853532200773000
433,1475853532191718101,1475853532200834989
434,1475853532192337036,1475853532200891017
435,1475853532192744970,1475853532200949907
436,1475853532193211078,1475853532201008081
437,1475853532193604946,1475853532201857089
438,1475853532194077968,1475853532202264070
439,1475853532194545984,1475853532202328920
440,1475853532195022106,1475853532202922105
441,1475853532195421934,1475853532203067064
442,1475853532195889949,1475853532203203916
443,1475853532196357011,1475853532203265905
444,1475853532196943044,1475853532203495979
445,1475853532197915077,1475853532207231044
446,1475853532198843002,1475853532207304954
447,1475853532201303958,1475853532208678007
448,1475853532201706886,1475853532209863901
449,1475853532202178955,1475853532211779117
450,1475853532202687978,1475853532216533899
451,1475853532203778982,1475853532216609954
452,1475853532204211950,1475853532216667890
453,1475853532204571962,1475853532216727018
454,1475853532204963922,1475853532216789007
455,1475853532205460071,1475853532216845035
456,1475853532205811977,1475853532216900110
457,1475853532206201076,1475853532216958999
458,1475853532206684112,1475853532217020988
459,1475853532207144975,1475853532217077016
460,1475853532207674980,1475853532217135906
461,1475853532208112001,1475853532217194080
462,1475853532208466053,1475853532217434883
463,1475853532209006071,1475853532223479032
464,1475853532209362030,1475853532223557949
465,1475853532209712028,1475853532223618984
466,1475853532210186004,1475853532223681926
467,1475853532210597038,1475853532223738908
468,1475853532211081027,1475853532224250078
469,1475853532211612939,1475853532224339008
470,1475853532212140083,1475853532224405050
471,1475853532212610006,1475853532224462985
472,1475853532213005065,1475853532224524974
473,1475853532213452100,1475853532224584102
474,1475853532213937044,1475853532225747108
475,1475853532214406013,1475853532227257013
476,1475853532214757919,1475853532227997064
477,1475853532215136051,1475853532228609085
478,1475853532215653896,1475853532229656934
479,1475853532216156005,1475853532234550952
480,1475853532217703104,1475853532234729051
481,1475853532218235015,1475853532236006021
482,1475853532218601942,1475853532236094951
483,1475853532218949079,1475853532236692905
484,1475853532219341039,1475853532236761093
485,1475853532219693899,1475853532236821889
486,1475853532220158100,1475853532236881017
487,1475853532220649003,1475853532237488985
488,1475853532221110105,1475853532237565040
489,1475853532221461057,1475853532238248109
490,1475853532221910953,1475853532238317012
491,1475853532222392082,1475853532238378047
492,1475853532222840070,1475853532238436937
493,1475853532224095106,1475853532238497972
494,1475853532224926948,1475853532238557100
495,1475853532225287914,1475853532238615989
496,1475853532225675106,1475853532238675117
497,1475853532226212024,1475853532238734960
498,1475853532226561069,1475853532238790988
499,1475853532227035045,1475853532240855932
500,1475853532227531909,1475853532240931987
501,1475853532227891921,1475853532240994930
502,1475853532228413105,1475853532241051912
503,1475853532228961944,1475853532255300045
504,1475853532229460000,1475853532255724906
505,1475853532229962110,1475853532255819082
506,1475853532230391025,1475853532255882978
507,1475853532230743885,1475853532255944967
508,1475853532231128931,1475853532256004095
509,1475853532231499910,1475853532256063938
510,1475853532232145071,1475853532256123065
511,1475853532232511997,1475853532256181955
512,1475853532232893943,1475853532256242036
513,1475853532233243942,1475853532256300926
514,1475853532233624935,1475853532256360054
515,1475853532235496044,1475853532256418943
516,1475853532237925052,1475853532257244110
517,1475853532239593982,1475853532259530067
518,1475853532239989995,1475853532278148889
519,1475853532240344047,1475853532279675006
520,1475853532241344928,1475853532279743909
521,1475853532241725921,1475853532281955003
522,1475853532242074012,1475853532283560037
523,1475853532242420911,1475853532284378051
524,1475853532242964029,1475853532284770965
525,1475853532243340015,1475853532285314083
526,1475853532243690967,1475853532285702943
527,1475853532244039058,1475853532287137985
528,1475853532244384050,1475853532287533044
529,1475853532244733095,1475853532288531064
530,1475853532245398044,1475853532289633989
531,1475853532245759010,1475853532293744087
532,1475853532246104955,1475853532293814897
533,1475853532246454000,1475853532293874979
534,1475853532246929883,1475853532293935060
535,1475853532247281074,1475853532293991088
536,1475853532247631072,1475853532294049978
537,1475853532247977972,1475853532294107913
538,1475853532248325109,1475853532294167041
539,1475853532248800992,1475853532296622037
540,1475853532249277114,1475853532296689987
541,1475853532249628067,1475853532296750068
542,1475853532249975919,1475853532296808958
543,1475853532250324010,1475853532296868085
544,1475853532250669956,1475853532296926975
545,1475853532251138925,1475853532296986103
546,1475853532251492023,1475853532297044038
547,1475853532251842021,1475853532297102928
548,1475853532252188920,1475853532297161102
549,1475853532252536058,1475853532297219991
550,1475853532252917051,1475853532297277927
551,1475853532253408908,1475853532297337055
552,1475853532253766059,1475853532297394990
553,1475853532254113912,1475853532297452926
554,1475853532254460096,1475853532297512054
555,1475853532254806995,1475853532297568082
556,1475853532255156993,1475853532297626018
557,1475853532255582094,1475853532297687053
558,1475853532256746053,1475853532297743082
559,1475853532257544994,1475853532297797918
560,1475853532257910966,1475853532297857046
561,1475853532258260965,1475853532298017978
562,1475853532258606910,1475853532298166990
563,1475853532258954048,1475853532298229932
564,1475853532259396076,1475853532298289060
565,1475853532259881973,1475853532298351049
566,1475853532260438919,1475853532298408031
567,1475853532260793924,1475853532298465013
568,1475853532261145114,1475853532298522949
569,1475853532261492013,1475853532298584938
570,1475853532261837005,1475853532298641920
571,1475853532262182950,1475853532298700094
572,1475853532262528896,1475853532298758029
573,1475853532263042926,1475853532299542903
574,1475853532263401031,1475853532299611091
575,1475853532263751029,1475853532299671888
576,1475853532264100074,1475853532299731016
577,1475853532264446020,1475853532301536083
578,1475853532264791011,1475853532304058074
579,1475853532265276908,1475853532304128885
580,1475853532265625953,1475853532304189920
581,1475853532265975952,1475853532304246902
582,1475853532266324043,1475853532304305076
583,1475853532266669988,1475853532304367065
584,1475853532267020940,1475853532304423093
585,1475853532267493009,1475853532304480075
586,1475853532267844915,1475853532304538011
587,1475853532268192052,1475853532304600000
588,1475853532268539905,1475853532304656028
589,1475853532268887996,1475853532304714918
590,1475853532269233942,1475853532304773092
591,1475853532269706964,1475853532305541992
592,1475853532270061016,1475853532305625915
593,1475853532270410060,1475853532307199954
594,1475853532270759105,1475853532307274103
595,1475853532271106004,1475853532308484077
596,1475853532271452903,1475853532308548927
597,1475853532271924018,1475853532308609962
598,1475853532272275924,1475853532308670043
599,1475853532272623062,1475853532309192895
600,1475853532273000955,1475853532309667110
601,1475853532273349046,1475853532310056924
602,1475853532273694992,1475853532310252904
603,1475853532274173021,1475853532310319900
604,1475853532274524927,1475853532310379981
605,1475853532274876117,1475853532310440063
606,1475853532275222063,1475853532310499906
607,1475853532275568962,1475853532310559034
608,1475853532275913953,1475853532310617923
609,1475853532276386022,1475853532310677051
610,1475853532276740074,1475853532310735940
611,1475853532277122974,1475853532310795068
612,1475853532277470111,1475853532310853958
613,1475853532277817010,1475853532310911893
614,1475853532278462886,1475853532311625003
615,1475853532278825998,1475853532311692953
616,1475853532279175043,1475853532311753034
617,1475853532279521942,1475853532312172889
618,1475853532280018091,1475853532313221931
619,1475853532280374050,1475853532314270973
620,1475853532280721902,1475853532314337968
621,1475853532281069040,1475853532314399003
622,1475853532281414031,1475853532314457893
623,1475853532281765937,1475853532314517021
624,1475853532282207965,1475853532314575910
625,1475853532282560110,1475853532316205978
626,1475853532282941102,1475853532318615913
627,1475853532283399105,1475853532318686962
628,1475853532283869981,1475853532318747043
629,1475853532284223079,1475853532318805932
630,1475853532284672975,1475853532318866014
631,1475853532285126924,1475853532318924903
632,1475853532285588026,1475853532318983078
633,1475853532286037921,1475853532319041967
634,1475853532286601066,1475853532319102048
635,1475853532286982059,1475853532319160938
636,1475853532287446022,1475853532319219112
637,1475853532288388013,1475853532319281101
638,1475853532288928985,1475853532319338083
639,1475853532289480924,1475853532319394111
640,1475853532289978027,1475853532320750951
641,1475853532290333986,1475853532320821046
642,1475853532290747880,1475853532320878028
643,1475853532291094064,1475853532320936918
644,1475853532291709899,1475853532320998907
645,1475853532292248964,1475853532321055889
646,1475853532292803049,1475853532322905063
647,1475853532293329954,1475853532322978019
648,1475853532294481992,1475853532323039054
649,1475853532294897079,1475853532323097944
650,1475853532298965930,1475853532323157072
651,1475853532299397945,1475853532323215961
652,1475853532300065040,1475853532323273897
653,1475853532300420999,1475853532323333978
654,1475853532300769090,1475853532323391914
655,1475853532301213979,1475853532324248075
656,1475853532301775932,1475853532324340105
657,1475853532302182912,1475853532324804067
658,1475853532302689075,1475853532324870109
659,1475853532303226947,1475853532324933052
660,1475853532305048942,1475853532324990034
661,1475853532305406093,1475853532325050115
662,1475853532305932044,1475853532325108051
663,1475853532306377887,1475853532325167894
664,1475853532306864976,1475853532325802087
665,1475853532307591915,1475853532326747894
666,1475853532309036970,1475853532326816082
667,1475853532309513092,1475853532326877117
668,1475853532309968948,1475853532326957941
669,1475853532311248064,1475853532327018022
670,1475853532312036037,1475853532327078104
671,1475853532312572956,1475853532327137947
672,1475853532313041925,1475853532327197074
673,1475853532313725948,1475853532327255010
674,1475853532314884901,1475853532328212976
675,1475853532315253019,1475853532330660104
676,1475853532315603971,1475853532330729007
677,1475853532316026926,1475853532330789089
678,1475853532316665887,1475853532330851078
679,1475853532317024946,1475853532330908060
680,1475853532317411899,1475853532330964088
681,1475853532317845106,1475853532331022024
682,1475853532319813013,1475853532331084012
683,1475853532320228099,1475853532333554983
684,1475853532321403980,1475853532334517002
685,1475853532321917057,1475853532334592103
686,1475853532323678016,1475853532334652900
687,1475853532324100017,1475853532334711074
688,1475853532324632883,1475853532334772109
689,1475853532325504064,1475853532334830045
690,1475853532326148033,1475853532336009025
691,1475853532327565908,1475853532336078882
692,1475853532328027963,1475853532337277889
693,1475853532328675985,1475853532337373971
694,1475853532329289913,1475853532337438106
695,1475853532329693078,1475853532337497949
696,1475853532330229997,1475853532337557077
697,1475853532331387042,1475853532338561058
698,1475853532331753969,1475853532340465068
699,1475853532332104921,1475853532340537071
700,1475853532332496881,1475853532340598106
701,1475853532332849025,1475853532340656995
702,1475853532333265066,1475853532340715885
703,1475853532333894014,1475853532340775012
704,1475853532335143089,1475853532340832948
705,1475853532335515975,1475853532340892076
706,1475853532336359977,1475853532342694997
707,1475853532336760044,1475853532343903064
708,1475853532337133884,1475853532343976974
709,1475853532337882995,1475853532344038009
710,1475853532338444948,1475853532344096899
711,1475853532339035987,1475853532345351934
712,1475853532339607000,1475853532345422983
713,1475853532340022087,1475853532345484018
714,1475853532341279029,1475853532345542907
715,1475853532341648101,1475853532345602035
716,1475853532342041969,1475853532345660924
717,1475853532342546939,1475853532346301078
718,1475853532343055009,1475853532348206043
719,1475853532343502998,1475853532349170923
720,1475853532344428062,1475853532349769115
721,1475853532344953060,1475853532356501102
722,1475853532346002101,1475853532357233047
723,1475853532346728086,1475853532358902931
724,1475853532347261905,1475853532358974933
725,1475853532347620010,1475853532359035968
726,1475853532348015069,1475853532359097003
727,1475853532348514080,1475853532360552072
728,1475853532348905086,1475853532361800909
729,1475853532349453926,1475853532361871004
730,1475853532350033044,1475853532361932039
731,1475853532350542068,1475853532361991882
732,1475853532350963115,1475853532362051963
733,1475853532351440906,1475853532362112045
734,1475853532351794004,1475853532362169981
735,1475853532352142095,1475853532362229108
736,1475853532352562904,1475853532362289905
737,1475853532353100061,1475853532362345933
738,1475853532353594064,1475853532362404108
739,1475853532353948116,1475853532362464904
740,1475853532354295969,1475853532362520933
741,1475853532354693889,1475853532362576961
742,1475853532355194091,1475853532362636089
743,1475853532355581998,1475853532362714052
744,1475853532355933904,1475853532362772941
745,1475853532356389045,1475853532363507032
746,1475853532357026100,1475853532364836931
747,1475853532357595920,1475853532364907979
748,1475853532357960939,1475853532366179943
749,1475853532358306884,1475853532366586923
750,1475853532358747959,1475853532366652011
751,1475853532359437942,1475853532366859912
752,1475853532359886884,1475853532366923093
753,1475853532360296010,1475853532367595911
754,1475853532360904932,1475853532368468046
755,1475853532363154888,1475853532368537902
756,1475853532363886117,1475853532368598937
757,1475853532364419937,1475853532368658065
758,1475853532365220069,1475853532368716955
759,1475853532365632057,1475853532368777036
760,1475853532366020917,1475853532369385004
761,1475853532366503000,1475853532370804071
762,1475853532367335081,1475853532371056079
763,1475853532368007898,1475853532371754884
764,1475853532369122028,1475853532372018098
765,1475853532369715929,1475853532372077941
766,1475853532370218038,1475853532373545885
767,1475853532370580911,1475853532377425909
768,1475853532371378898,1475853532379373073
769,1475853532372464895,1475853532379446983
770,1475853532372838020,1475853532379508972
771,1475853532373231887,1475853532379569053
772,1475853532373785018,1475853532379628896
773,1475853532374140977,1475853532379687070
774,1475853532374599933,1475853532380418062
775,1475853532374955892,1475853532380489110
776,1475853532375343084,1475853532381591081
777,1475853532375730037,1475853532381664991
778,1475853532376080989,1475853532383527994
779,1475853532376461029,1475853532383601903
780,1475853532376847028,1475853532384824991
781,1475853532377326011,1475853532384896039
782,1475853532377892971,1475853532384955883
783,1475853532378405094,1475853532385015964
784,1475853532379002094,1475853532390225887
785,1475853532380075931,1475853532390696048
786,1475853532380800008,1475853532390830039
787,1475853532381392955,1475853532392049074
788,1475853532382006883,1475853532393723011
789,1475853532382366895,1475853532393795013
790,1475853532382714986,1475853532393856048
791,1475853532383148908,1475853532393915891
792,1475853532383945941,1475853532395771026
793,1475853532384351968,1475853532395840883
794,1475853532385287046,1475853532395900964
795,1475853532385652065,1475853532395961046
796,1475853532386042118,1475853532396019935
797,1475853532386467933,1475853532396078109
798,1475853532386818885,1475853532396136045
799,1475853532387315988,1475853532396195888
800,1475853532387790918,1475853532396251916
801,1475853532388272047,1475853532396308898
802,1475853532388624906,1475853532396370887
803,1475853532388971090,1475853532396425962
804,1475853532389317035,1475853532396678924
805,1475853532389694929,1475853532397099018
806,1475853532390081882,1475853532397159099
807,1475853532390544891,1475853532397217988
808,1475853532391158103,1475853532397279024
809,1475853532391515970,1475853532397336006
810,1475853532391895055,1475853532397391080
811,1475853532392412900,1475853532397449016
812,1475853532392843008,1475853532398152112
813,1475853532393318891,1475853532400389909
814,1475853532394243955,1475853532402823925
815,1475853532394644975,1475853532403736114
816,1475853532395107984,1475853532403899908
817,1475853532397835016,1475853532403966903
818,1475853532398397922,1475853532404544115
819,1475853532398763895,1475853532404608964
820,1475853532399233102,1475853532404668092
821,1475853532399723052,1475853532406502962
822,1475853532400240898,1475853532406577110
823,1475853532400731086,1475853532406641006
824,1475853532401160001,1475853532406697988
825,1475853532401648998,1475853532406757116
826,1475853532401999950,1475853532406815052
827,1475853532402379989,1475853532409282922
828,1475853532403088092,1475853532410121917
829,1475853532403517961,1475853532410196065
830,1475853532404288053,1475853532410254955
831,1475853532405076026,1475853532410311937
832,1475853532405482053,1475853532414886951
833,1475853532405963897,1475853532414964914
834,1475853532407135009,1475853532415781021
835,1475853532407502889,1475853532416265964
836,1475853532407897949,1475853532416773080
837,1475853532408400058,1475853532416835069
838,1475853532408751964,1475853532417531967
839,1475853532409142017,1475853532419291973
840,1475853532409735918,1475853532419364929
841,1475853532410646915,1475853532421386957
842,1475853532411036968,1475853532421463012
843,1475853532411433935,1475853532421524047
844,1475853532411933898,1475853532421583890
845,1475853532412286043,1475853532421643018
846,1475853532412661075,1475853532421705007
847,1475853532413383007,1475853532421761989
848,1475853532413894891,1475853532424103975
849,1475853532414249897,1475853532424179077
850,1475853532414681911,1475853532425935029
851,1475853532415257930,1475853532426004886
852,1475853532415625095,1475853532426065921
853,1475853532416099071,1475853532426126003
854,1475853532416569948,1475853532426187038
855,1475853532417181015,1475853532426244020
856,1475853532417821884,1475853532426300048
857,1475853532418227910,1475853532426357984
858,1475853532418581008,1475853532426419973
859,1475853532419631004,1475853532427727937
860,1475853532420049905,1475853532427799940
861,1475853532420409917,1475853532428261041
862,1475853532420804977,1475853532428731918
863,1475853532421228885,1475853532429294109
864,1475853532422163009,1475853532429363965
865,1475853532422530889,1475853532431145906
866,1475853532422972917,1475853532431368112
867,1475853532423329114,1475853532431433916
868,1475853532423814058,1475853532433569908
869,1475853532424510955,1475853532433645963
870,1475853532424901008,1475853532434237957
871,1475853532425297021,1475853532434308052
872,1475853532426903009,1475853532434369087
873,1475853532427423954,1475853532434428930
874,1475853532428111076,1475853532434489011
875,1475853532428582906,1475853532438489913
876,1475853532429054975,1475853532439457893
877,1475853532429686069,1475853532440006971
878,1475853532430054903,1475853532442131042
879,1475853532430543899,1475853532442204952
880,1475853532431005001,1475853532442264080
881,1475853532431819915,1475853532442321062
882,1475853532432180881,1475853532442378997
883,1475853532432574033,1475853532442441940
884,1475853532433125972,1475853532443352937
885,1475853532434012889,1475853532443422079
886,1475853532434779882,1475853532443483114
887,1475853532435144901,1475853532443542003
888,1475853532435539007,1475853532443603038
889,1475853532436017036,1475853532443660020
890,1475853532436368942,1475853532443716049
891,1475853532436748027,1475853532443773984
892,1475853532437128067,1475853532447933912
893,1475853532437599897,1475853532449218988
894,1475853532437947988,1475853532449281930
895,1475853532438404083,1475853532449342012
896,1475853532438888072,1475853532449398040
897,1475853532439297914,1475853532453216075
898,1475853532439850091,1475853532453291893
899,1475853532440550088,1475853532453353881
900,1475853532440916061,1475853532453413009
901,1475853532441386938,1475853532453471899
902,1475853532441875934,1475853532453531980
903,1475853532442787885,1475853532454900026
904,1475853532444070100,1475853532454967975
905,1475853532444475889,1475853532455029964
906,1475853532444861888,1475853532455089092
907,1475853532445242881,1475853532455148935
908,1475853532445622920,1475853532455209016
909,1475853532445975065,1475853532455266952
910,1475853532446367025,1475853532456954956
911,1475853532446841955,1475853532457029104
912,1475853532447328090,1475853532457089900
913,1475853532447774887,1475853532457149982
914,1475853532448270082,1475853532457209110
915,1475853532448621034,1475853532458817958
916,1475853532449002027,1475853532458890914
917,1475853532449728012,1475853532458951950
918,1475853532450237989,1475853532459012985
919,1475853532450700998,1475853532459069967
920,1475853532451363086,1475853532459125995
921,1475853532451730012,1475853532461970090
922,1475853532452194929,1475853532462048053
923,1475853532452545881,1475853532462106943
924,1475853532453020095,1475853532462162971
925,1475853532453876018,1475853532462222099
926,1475853532454365968,1475853532462284088
927,1475853532455581903,1475853532463186979
928,1475853532455950975,1475853532463263034
929,1475853532456581115,1475853532463320970
930,1475853532457519054,1475853532463380098
931,1475853532457933902,1475853532465064048
932,1475853532458420038,1475853532465137004
933,1475853532459475994,1475853532465198040
934,1475853532459836006,1475853532465631961
935,1475853532460230112,1475853532465699911
936,1475853532460726976,1475853532466351985
937,1475853532461184024,1475853532466418027
938,1475853532461694955,1475853532467195987
939,1475853532462610960,1475853532467263936
940,1475853532463701963,1475853532467324018
941,1475853532464078903,1475853532467386007
942,1475853532464725971,1475853532468462944
943,1475853532465478897,1475853532469871997
944,1475853532466038942,1475853532471431970
945,1475853532466744899,1475853532471503019
946,1475853532467726945,1475853532473094940
947,1475853532468293905,1475853532473165035
948,1475853532468972921,1475853532473226070
949,1475853532469336032,1475853532473284959
950,1475853532469731092,1475853532475151062
951,1475853532470200061,1475853532476273059
952,1475853532470665931,1475853532476344108
953,1475853532471143007,1475853532477260112
954,1475853532471894025,1475853532478508949
955,1475853532472258090,1475853532478581905
956,1475853532472687005,1475853532478641986
957,1475853532473718881,1475853532478702068
958,1475853532474095106,1475853532478761911
959,1475853532474493026,1475853532481115102
960,1475853532475001096,1475853532482302904
961,1475853532475476980,1475853532483170032
962,1475853532475918054,1475853532485383033
963,1475853532476639032,1475853532486088991
964,1475853532477108955,1475853532486161947
965,1475853532477616071,1475853532488981962
966,1475853532478013992,1475853532489053964
967,1475853532479110956,1475853532489114046
968,1475853532479609966,1475853532489172935
969,1475853532479968070,1475853532489232063
970,1475853532480350017,1475853532489289999
971,1475853532480917930,1475853532489348888
972,1475853532481416940,1475853532489408016
973,1475853532481797933,1475853532490174055
974,1475853532482146978,1475853532490240097
975,1475853532482625007,1475853532490613937
976,1475853532483014106,1475853532491163015
977,1475853532483485937,1475853532491560935
978,1475853532483937978,1475853532493832111
979,1475853532484452009,1475853532493904113
980,1475853532484803915,1475853532493964910
981,1475853532485254049,1475853532494024038
982,1475853532485852956,1475853532494081020
983,1475853532486486911,1475853532494139909
984,1475853532486854076,1475853532496084928
985,1475853532487324953,1475853532496150016
986,1475853532487679004,1475853532496205091
987,1475853532488056898,1475853532496258020
988,1475853532488496065,1475853532496310949
989,1475853532489753961,1475853532496364116
990,1475853532490530967,1475853532496417045
991,1475853532491004943,1475853532496469974
992,1475853532491468906,1475853532496758937
993,1475853532491940975,1475853532496815919
994,1475853532492363929,1475853532496870040
995,1475853532492791891,1475853532496922969
996,1475853532493452072,1475853532497087955
997,1475853532494450092,1475853532497262954
998,1475853532494805097,1475853532497487068
999,1475853532495153903,1475853532497860908
