num	disc_10KHz_f	disc_100KHz_f	disc_1000KHz_f	disc_10KHz_p	disc_100KHz_p	disc_1000KHz_p	disc_10KHz_n	disc_100KHz_n	disc_1000KHz_n
0	2510080	3159808	inf	2989824	4679936	5479936	3149824	3469824	6060032
1	2349824	3600128	inf	5350144	8800000	6030080	3310080	6310144	8430080
2	3350016	4690176	inf	4899840	8520192	6389760	2959872	9040128	8150016
3	4440064	5600000	inf	5720064	8179968	6509824	4699904	8709888	7809792
4	4169984	5929984	inf	5899776	7879936	7640064	4499968	8380160	7470080
5	5489920	5880064	inf	7959808	8689920	9270016	5280000	11209984	7180032
6	4849920	5510144	inf	8129792	8359936	9760000	7469824	10919936	6849792
7	5840128	4669952	inf	11089920	8060160	9920000	8809984	12600064	6510080
8	5649920	4079872	inf	11330048	7759872	10299904	9560064	17760000	7539968
9	6150144	6579968	inf	11020032	10550016	10769920	14080000	17309952	8899840
10	5799936	6680064	inf	10720000	10190080	11040000	15060224	16930048	8620032
11	7950080	6000128	inf	12080128	11190016	10810112	14779904	16600064	9629952
12	8090112	5609984	inf	11759872	15269888	10510080	14439936	16300032	11870208
13	9289984	4809984	inf	11190016	14909952	10820096	16789760	17200128	12610048
14	9619968	3320064	inf	12230144	14609920	10459904	17750016	18109952	12910080
15	9949952	3000064	inf	14589952	14200064	10550016	18670080	19810048	14349824
16	9609984	3660032	inf	14259968	13850112	9410048	20049920	22210048	13810176
17	10220032	4390144	inf	14470144	13539840	8800000	20489984	22720000	14390016
18	11300096	4960000	inf	15160064	15340032	8480000	21020160	22390016	15270144
19	11920128	5540096	inf	16329984	15959808	7759872	21619968	22089984	17270016
20	11650048	5270016	inf	16220160	16169984	7930112	22329856	21800192	17829888
21	11810048	4809984	inf	17100032	16880128	7640064	23030016	22119936	20100096
22	11180032	4720128	inf	19380224	17350144	7349760	23700224	21779968	21219840
23	11119872	4259840	inf	20800000	17499904	6599936	26560000	22429952	23730176
24	10419968	4380160	inf	23650048	19270144	5859840	27929856	24780032	23949824
25	11110144	3680000	inf	26749952	19379968	4720128	28900096	25230080	23340032
26	11699968	3329792	inf	27250176	19039744	3970048	28589824	26180096	23040000
27	13019904	3269888	inf	30089984	19299840	2889984	28410112	27109888	23790080
28	12760064	2989824	inf	29720064	19020032	5499904	28130048	27439872	23509760
29	12400128	3280128	inf	30920192	19820032	4539904	27840000	27719936	23369984
30	12280064	3150080	inf	31509760	19489792	5149952	27549952	28110080	25120000
31	11990016	2459904	inf	31709952	19239936	5809920	27209984	28520192	28460032
32	13589760	2380032	inf	32310016	20580096	6449920	28300032	28420096	29100032
33	13659904	2180096	inf	32939776	20829952	6770176	28529920	28630016	28770048
34	14270208	1900032	inf	32710144	21449984	6979840	29469952	28600064	27919872
35	13590016	1740032	inf	34519808	21159936	6960128	29170176	28189952	27590144
36	13769984	1700096	inf	34569984	22350080	7000064	29799936	29530112	27890176
37	14800128	1789952	inf	35980032	23590144	6069760	30499840	31239936	26939904
38	14779904	1740032	inf	38119936	24659968	6820096	31040000	34840064	26279936
39	14979840	2000128	inf	39439872	24659968	6370048	32690176	34479872	28309760
40	15330048	1860096	inf	40579840	24329984	5920000	33249792	34149888	28290048
41	17969920	1799936	inf	41509888	24960000	5819904	36880128	35630080	29299968
42	18019840	1710080	inf	41190144	25639936	4550144	37300224	37050112	29040128
43	19529984	2060032	inf	41159936	26509824	3150080	37559808	36769792	28379904
44	19049984	2360064	inf	41969920	27990016	2739968	37409792	36480000	28960000
45	18749952	2789888	inf	42230016	27699968	2970112	40780032	36160000	29369856
46	18460160	3869952	inf	43350016	29390080	3130112	41059840	35860224	29080064
47	17920000	4839936	inf	44069888	28369920	2960128	43010048	35529984	28790016
48	17619968	5000192	inf	44830208	28960000	1479936	42690048	35229952	29120000
49	17509888	4950016	inf	46350080	29340160	9520128	42400000	34210048	28839936
50	19660032	4100096	inf	46800128	28969984	9959936	42560000	33910016	30450176
51	18489856	4269824	inf	48819968	29929984	10730240	41959936	33609984	30720000
52	18130176	3970048	inf	50240000	29990144	11419904	41590016	33739776	32800000
53	18329856	3500032	inf	50870016	29699840	11569920	42540032	33380096	32659968
54	18530048	2940160	inf	52460032	29160192	11800064	45530112	33090048	34400000
55	19130112	2889984	inf	51929856	31529984	11909888	45379840	32460032	34649856
56	21979904	2729984	inf	53080064	31190016	12069888	45100032	32150016	34310144
57	22609920	2240000	inf	53720064	30540032	12249856	45929984	31830016	35360256
58	22780160	2210048	inf	56890112	31529984	12489984	45430016	31539968	35970048
59	22850048	1979904	inf	58149888	32039936	12630016	45129984	31249920	36640000
60	22830080	1780224	inf	58820096	31450112	12909824	46490112	30720000	36359936
61	22679808	1990144	inf	58529792	31049984	13129984	49220096	30809856	37370112
62	25380096	1869824	inf	57969920	30749952	15099904	48659968	30540032	37089792
63	25090048	2060032	inf	57939968	30409984	15219968	48349952	30190080	36620032
64	26040064	2010112	inf	57539840	30500096	16100096	48979968	34609920	36609792
65	25839872	1860096	inf	57250048	29999872	16230144	48679936	35209984	37319936
66	27869952	1750016	inf	59810048	30660096	17669888	48189952	34930176	37040128
67	28249856	1929984	inf	65280000	31280128	19139840	47840000	39490048	36750080
68	31180032	1850112	inf	65890048	30659840	19660032	47350016	39200000	36420096
69	34080000	2089984	inf	66680064	30899968	19510016	46990080	38870016	35960064
70	35229952	2490112	inf	66490112	30129920	19450112	46599936	38579968	36849920
71	37629952	2390016	inf	66180096	29760000	19800064	46969856	37769984	37070080
72	37309952	2719744	inf	67049984	30020096	21299968	46690048	37170176	39439872
73	40300032	2609920	inf	70860032	29740032	21699840	46400000	36880128	40720128
74	40029952	2599936	inf	74259968	29239808	21529856	47489792	36549888	41370112
75	39699968	2479872	inf	74919936	30769920	21159936	47030016	36230144	41990144
76	39320064	1890048	inf	74629888	31319808	21209856	46589952	35660032	42050048
77	39020032	1779968	inf	76059904	35079936	21769984	46070016	36259840	41329920
78	38390016	1619968	inf	75699968	36729856	21829888	45760000	35980032	40999936
79	38070016	1410048	inf	75250176	36819968	21250048	45420032	35689984	42350080
80	37779968	1280000	inf	74939904	36519936	20049920	45090048	35399936	42449920
81	37219840	1619968	inf	74650112	36199936	18919936	44790016	35110144	42540032
82	36910080	2029824	inf	74080000	36899840	17910016	44459776	34820096	42369792
83	36620032	2300160	inf	74510080	36580096	16179968	45459968	34289920	42349824
84	36290048	2400000	inf	75310080	36229888	15840000	45590016	36200192	42589952
85	36700160	2579968	inf	77770240	35879936	15520000	45110016	35769856	42629888
86	38039808	2419968	inf	77479936	35369984	15360000	44760064	35500032	42880000
87	37760000	2360064	inf	77079808	35010048	15470080	44489984	35140096	43929856
88	37420032	1949952	inf	76680192	34710016	14840064	44110080	34649856	44509952
89	37080064	1920000	inf	76379904	33720064	14550016	43589888	34340096	46190080
90	36800000	1809920	inf	76089856	33379840	13789952	43239936	34019840	46349824
91	36079872	1710080	inf	75800064	32770048	13080064	44590080	33490176	48059904
92	35529984	2569984	inf	76970240	32399872	12770048	46500096	32819968	49299968
93	35020032	2889984	inf	78599936	32290048	12470016	46589952	32669952	50710016
94	34950144	2460160	inf	78299904	34710016	12450048	45890048	32400128	53489920
95	37529856	2409984	inf	78010112	52480000	12130048	45590016	34809856	55160064
96	37449984	2700032	inf	80880128	54279936	11939840	46000128	34109952	60910080
97	37149952	2589952	inf	82240000	55330048	11659776	45980160	33149952	60620032
98	36819968	1840128	inf	85449984	56330240	10860032	45920000	32800000	61440000
99	36460032	2160128	inf	86529792	56080128	9639936	46210048	32499968	61830144
100	37819904	2430208	inf	94700032	55409920	8920064	48600064	32210176	61539840
101	38670080	2789888	inf	94339840	55130112	8580096	47990016	31750144	64580096
102	41060096	3069952	inf	95200000	54800128	8280064	47630080	32760064	64960000
103	40500224	3070208	inf	94909952	54489856	7959808	47070208	37230080	64569856
104	40189952	3459840	inf	94199808	53490176	7190016	46759936	36949760	64380160
105	39599872	3350016	inf	93769984	53129984	5939968	46240000	36669952	66439936
106	39059968	2929920	inf	93449984	52559872	5320192	49659904	36089856	65750016
107	38649856	2909952	inf	93120000	51960064	4920064	49170176	35780096	67910144
108	37969920	2830080	inf	92790016	51640064	3810048	48870144	35490048	67739904
109	37660160	2689792	inf	92199936	51300096	1149952	48589824	35139840	68560128
110	37379840	2370048	inf	91890176	50800128	1410048	48280064	36099840	68819968
111	37100032	2269952	inf	91330048	52529920	1110016	47960064	35820032	69479936
112	36809984	1829888	inf	93870080	52210176	1479936	50429952	41479936	69479936
113	36520192	1769984	inf	93500160	51830016	1359872	50159872	41210112	69200128
114	36179968	2109952	inf	93199872	51379968	1430016	49680128	40869888	71219968
115	35879936	2139904	inf	93669888	51069952	1430016	49379840	41120000	73100032
116	35560192	2220032	inf	96999936	50739968	1799936	49090048	40979968	72820224
117	34759936	2199808	inf	96619776	49929984	1870080	48910080	41870080	72300032
118	34449920	2350080	inf	96300032	49560064	1440000	48630016	41859840	71820032
119	34140160	2249984	inf	96619776	49129984	1430016	48299776	42170112	71490048
120	35330048	1750016	inf	101709824	48830208	1080064	48009984	41890048	71170048
121	35369984	2039808	inf	101649920	48669952	1390080	47689984	41700096	70880000
122	37720064	2349824	inf	102279936	48669952	1740032	47339776	42629888	70649856
123	37449984	2799872	inf	102390016	49379840	2460160	50200064	44089856	70360064
124	37129984	3270144	inf	104460032	50550016	2330112	49910016	41320192	69619968
125	36839936	3940096	inf	105270016	50400000	2190080	49769984	41509888	69320192
126	36540160	4360192	inf	104960000	51559936	2200064	50609920	41230080	68989952
127	35950080	5019904	inf	104670208	53970176	2119936	50099968	41850112	68669952
128	35600128	5469952	inf	104090112	53779968	1120000	49479936	41590016	68199936
129	35100160	5690112	inf	103709952	53829888	1390080	49240064	41299968	67539968
130	34769920	5799936	inf	103369984	53470208	1769984	48899840	41199872	66789888
131	34470144	6529792	inf	102530048	53910016	1910016	48610048	41199872	66460160
132	34159872	6479872	inf	102210048	54169856	1679872	48280064	40969984	66179840
133	33859840	6649856	inf	101809920	54190080	1520128	47949824	40690176	65609984
134	33560064	6510080	inf	101239808	54779904	1549824	47620096	40389888	65270016
135	33230080	6539776	inf	100930048	54720000	1529856	47330048	40719872	64679936
136	33989888	5939968	inf	100430080	55460096	1870080	47050240	40679936	64380160
137	35360000	5590016	inf	100129792	55769856	1720064	46419968	40320000	63770112
138	34540032	4989952	inf	99740160	56279808	1540096	45859840	39870208	63459840
139	33970176	4800000	inf	100489984	56630016	1299968	45560064	46530048	63140096
140	33639936	5080064	inf	106790144	57030144	1580032	45230080	48530176	62009856
141	33339904	4979968	inf	106889984	57060096	1659904	44889856	50070016	62479872
142	33050112	4299776	inf	106810112	56820224	2579968	44590080	49779968	61600000
143	34690048	3760128	inf	106769920	56929792	2789888	45929984	49499904	61299968
144	34919936	3579904	inf	107739904	56960000	2659840	46860032	49169920	61069824
145	34249984	3320064	inf	107510016	56679936	3900160	46579968	48839936	60580096
146	33870080	3299840	inf	107769856	57380096	4910080	59130112	48560128	60049920
147	33459968	2920192	inf	107990016	57550080	4540160	58689792	52040192	60349952
148	33010176	3200000	inf	107670016	57680128	5669888	58360064	51749888	61680128
149	32649984	3069952	inf	107610112	58810112	5299968	58060032	51469824	61400064
150	33009920	2400000	inf	115239936	58269952	5090048	57720064	50050048	61110016
151	32549888	2309888	inf	114749952	58660096	5319936	57390080	49769984	60790016
152	32200192	2549760	inf	114449920	59589888	5299968	57059840	49459968	60460032
153	31859968	1890048	inf	114060032	60580096	5510144	56630016	49120000	59950080
154	31179776	1789952	inf	113760000	59780096	6020096	56260096	48829952	59539968
155	30810112	1609984	inf	113299968	59450112	5880064	55209984	48549888	59239936
156	32440064	1319936	inf	112979968	59459840	6870016	54840064	47170048	59039744
157	32100096	1169920	inf	112480000	59140096	7010048	53849856	46439936	58859776
158	31670016	1240064	inf	111939840	59720192	9110016	53529856	46030080	58540032
159	31140096	1620224	inf	111539968	59430144	8829952	53220096	45730048	58049792
160	29459968	2060032	inf	111239936	59139840	7970048	52450048	45400064	57700096
161	29120000	2220032	inf	110680064	58810112	7150080	52070144	45339904	57199872
162	36039936	2249984	inf	110370048	63340032	6540032	51709952	46129920	56490240
163	36119808	2589952	inf	109870080	63059968	6260224	51360000	45400064	56160000
164	35620096	2540032	inf	109440000	62640128	5750016	51010048	44579840	55830016
165	37449984	2550016	inf	109100032	62350080	5430016	50670080	44259840	56839936
166	37080064	2330112	inf	109229824	62050048	5169920	50369792	43930112	56720128
167	35539968	2150144	inf	108489984	61760000	5679872	49600000	43429888	57400064
168	37399808	2550016	inf	110180096	61469952	6180096	49289984	43130112	56590080
169	37120000	2929920	inf	110670080	61179904	5580032	48690176	42769920	55849984
170	36819968	3820032	inf	110099968	60770048	5820160	48400128	42439936	55379968
171	38460160	4029952	inf	116979968	60470016	5979904	47560192	42140160	54780160
172	38520064	4300032	inf	116480000	60180224	5839872	47219968	41889792	54159872
173	38259968	4199936	inf	116069888	59899904	5920000	45859840	41600000	53850112
174	37250048	4910080	inf	115770112	59599872	5749760	45530112	41369856	53459968
175	36940032	7030016	inf	115340032	59310080	6019840	45230080	41050112	52960000
176	36640000	7060224	inf	115660032	58789888	5070080	43889920	40750080	52649984
177	36359936	7229952	inf	115380224	58329856	6820096	43580160	43680000	53420032
178	36070144	6060032	inf	115020032	57860096	6969856	43249920	44729856	53059840
179	35670016	5370112	inf	114659840	57550080	6190080	42889984	43610112	52730112
180	35379968	4819968	inf	113980160	57250048	5629952	42390016	43670016	52440064
181	35090176	4499968	inf	113669888	56950016	6249984	42210048	43379968	52140032
182	34579968	3990016	inf	113280000	56659968	5989888	43620096	42779904	51640064
183	34220032	1150208	inf	112700160	56240128	5669888	44030208	42430208	51150080
184	33910016	1730048	inf	114970112	55950080	4199936	43859968	42149888	50849792
185	33619968	2439936	inf	113890048	56540160	4150016	44450048	41859840	50530048
186	33330176	2469888	inf	113709824	57419776	7040000	45379840	41560064	50240000
187	31089920	2639872	inf	113440000	58070016	9479936	48689920	41280000	51689984
188	30779904	2670080	inf	114050048	59109888	8470016	48290048	40989952	51170048
189	30569984	2899968	inf	114409984	59510016	8600064	60130048	41830144	51249920
190	30290176	2469888	inf	114109952	59580160	9400064	59539968	41539840	50970112
191	29880064	2390016	inf	113769984	59520000	9120000	59049984	42499840	50640128
192	29140224	1810176	inf	113479936	60889856	9079808	58240000	46319872	50099968
193	28800000	1860096	inf	112989952	61379840	8489984	57939968	46040064	49640192
194	28499968	1859840	inf	112679936	61149952	7980032	57639936	45750016	49329920
195	28489984	1410048	inf	112399872	61609984	9910016	57349888	45470208	48960000
196	26650112	1229824	inf	112110080	61580032	10199808	56370176	45179904	48540160
197	26170112	1039872	inf	111830016	61289984	12019968	56019968	44889856	48229888
198	26089984	1110016	inf	111540224	62860032	11730176	55719936	43960064	48579840
199	27680000	1139968	inf	111260160	62599936	11440128	55430144	52300032	49639936
200	28140032	1149952	inf	110969856	61009920	11149824	55140096	51779840	49360128
201	27820032	1090048	inf	110680064	60379904	10860032	54819840	51470080	49070080
202	27909888	1100032	inf	110390016	60019968	10289920	54150144	51180032	48780032
203	27630080	1100032	inf	110089984	59709952	9980160	53600000	55249920	48489984
204	27330048	1159936	inf	109779968	59150080	9600000	52309760	54909952	48199936
205	26929920	1180160	inf	109499904	58850048	10400256	52000000	54619904	47799808
206	26080000	1580032	inf	109019904	58560000	12419840	51709952	56099840	47500032
207	24999936	1710080	inf	108590080	58299904	12130048	51390208	55810048	47200000
208	24649984	2070016	inf	108000000	57949952	11840000	50990080	55510016	46920192
209	24339968	2220032	inf	107690240	56580096	10650112	49289984	57090048	46540032
210	24029952	1840128	inf	107739904	56219904	11180032	48920064	56640000	46089984
211	22870016	1449984	inf	107449856	55819776	10089984	48529920	58720000	45769984
212	22390016	2390016	inf	106650112	55450112	9779968	48250112	58429952	45480192
213	22080000	2060032	inf	106340096	55950080	9479936	47960064	56700160	45229824
214	21779968	2510080	inf	105939968	52579840	9189888	47619840	56120064	45700096
215	21489920	2799872	inf	103900160	53309952	8900096	47340032	55320064	45410048
216	19459840	2849792	inf	103529984	55119872	8870144	47470080	55020032	44950016
217	18670080	2909952	inf	103920128	55030016	8599808	48800000	54749952	45060096
218	18360064	2989824	inf	103549952	55949824	8950016	48409856	54480128	44780032
219	18070016	3030016	inf	103250176	58040064	8649984	46029824	56009984	44489984
220	17779968	2980096	inf	102650112	60570112	8530176	44130048	55729920	44169984
221	19180032	2980096	inf	102349824	61410048	10880000	43799808	55209984	44410112
222	19719936	3209984	inf	101600000	61090048	10470144	44450048	53080064	44089856
223	19840000	3209984	inf	101120000	62980096	10700032	49139968	52759808	43790080
224	19180032	3289856	inf	100820224	64150016	10959872	48790016	52489984	45400064
225	19820032	3270144	inf	102980096	64549888	10560000	48019968	52940032	44900096
226	19639808	3280128	inf	103430144	63980032	10230016	47580160	52659968	44430080
227	19360000	3329792	inf	104560128	64189952	9929984	47279872	52220160	44600064
228	22500096	2990080	inf	103950080	64130048	9600000	46989824	51709952	44290048
229	22210048	2449920	inf	103610112	64750080	9339904	46589952	51440128	44190208
230	21459968	1900032	4859904	102940160	64519936	8329984	46289920	51180032	44360192
231	21030144	2720000	10669824	102639872	65430016	6449920	45969920	50919936	44099840
232	19209984	2390016	8649984	102320128	65479936	6140160	45380096	50649856	44499968
233	18849792	2820096	8120064	102040064	66409984	5309952	44790016	50300160	44539904
234	18550016	2889984	8120064	100869888	67290112	7690240	44350208	49520128	44670208
235	18259968	2649856	7840000	100280064	67170048	7399936	44000000	49220096	44160000
236	17939968	2139904	8460032	99849984	67680000	7099904	43699968	52399872	43189760
237	21860096	1619968	13969920	99760128	68160000	6820096	43330048	56039936	42979840
238	20550144	829952	13690112	100969984	68110080	6530048	44009984	55750144	42439936
239	19859968	1159936	13329920	103249920	69129984	11080192	43670016	55460096	41849856
240	18950144	1209856	14439936	102860032	68490240	17730048	43529984	57539840	41540096
241	18629888	1220096	14710016	102459904	68750080	17009920	43059968	57260032	39040000
242	18319872	1289984	14530048	102149888	68420096	16910080	42599936	56969984	38700032
243	19200000	1329920	21019904	101740032	68250112	18050048	42300160	56679936	38409984
244	19640064	1400064	20569856	100450048	68460032	17750016	41959936	56390144	39229952
245	19859968	1729792	20250112	100139776	68440064	17459968	41660160	56059904	38910208
246	22380032	1510144	20009984	99830016	68519936	17179904	41329920	55509760	42149888
247	22469888	1820160	33070080	99539968	68950016	16890112	38609920	55209984	41619968
248	25289984	1900032	40169984	101510144	68999936	15699968	37270016	54909952	41210112
249	24260096	1829888	39889920	101510144	69359872	15400192	36960000	57669888	40669952
250	24370176	2119936	39599872	101220096	69289984	17869824	36669952	57339904	55340032
251	24010240	2120192	38889984	100939776	72200192	17600000	36339968	57039872	54759936
252	23450112	2290176	38199808	102269952	72869888	17309952	36019968	56750080	54459904
253	23160064	2640128	37799936	101549824	76169984	17029888	35560192	56460032	53909760
254	22780160	2479872	37430016	101180160	75849984	17949952	35239936	56170240	53420032
255	22339840	2050048	37580032	100889856	75970048	17670144	34710016	55879936	53079808
256	27759872	1400064	37270016	100600064	77540096	17579776	34409984	55579904	52760064
257	27420160	780032	36989952	100310016	78670080	17890048	34050048	55240192	52239872
258	26819840	1499904	36699904	100029952	78550016	20460032	33619968	54550016	51889920
259	26460160	1929984	36419840	99740160	78240000	22630144	33309952	54240000	51320064
260	26099968	2200064	36130048	99340032	77890048	25729792	33019904	53230080	50949888
261	25769984	2320128	35840000	99030016	77469952	25520128	32729856	52429824	47620096
262	25469952	2609920	35540224	98510080	78849792	25629952	32440064	54579968	47270144
263	25980160	2169856	35249920	98210048	78850048	25309952	32039936	59889920	46449920
264	27650048	1609984	34969856	102140160	78580224	25010176	31740160	59410176	45910016
265	26659840	1600000	34680064	101779968	78269952	24679936	31450112	59109888	45430016
266	28569856	1149952	35709952	101260032	83879936	25449984	31169792	58850048	43709952
267	31120128	1510144	35430144	100969984	83440128	27859968	30860032	58360064	42770176
268	32349952	1570048	35399936	100559872	83869952	28049920	30540032	58050048	42419968
269	32059904	1430016	35110144	100230144	83699968	29640192	30139904	57809920	41989888
270	31660032	1390080	34279936	99800064	84610048	29999872	29630208	57520128	41260032
271	32310016	1509888	33849856	99500032	84430080	29750016	29159936	57220096	40950016
272	32140032	1989888	34990080	99069952	85270016	29490176	37349888	56899840	39190016
273	31869952	2269952	34429952	98769920	85090048	29999872	36999936	56600064	37720064
274	31180032	1880064	33580032	98380032	84760064	29819904	36679936	56770048	37399808
275	30890240	1980160	35069952	97730048	84539904	29480192	36100096	56489984	36979968
276	30550016	1430016	36800000	98950144	83790080	29199872	35769856	56200192	36000000
277	30149888	809984	37680128	98579968	83229952	28869888	35460096	54899968	35079936
278	29830144	1090048	37400064	98099968	82909952	28540160	35170048	54599936	34419968
279	29400064	1090048	37110016	97689856	82230016	28369920	34839808	54310144	31990016
280	28970240	1100032	36829952	97399808	75820032	29380096	34409984	55680000	31589888
281	28679936	1050112	36539904	97010176	75480064	29499904	33999872	55360000	31369984
282	29120000	1580032	36160000	97479936	78259968	30880000	33489920	59630080	31369984
283	43490048	2000128	35869952	98230016	78459904	30650112	33880064	61770240	30579968
284	43229952	2029824	40620032	98730240	79129856	29849856	33810176	61489920	30240000
285	43409920	1550080	44110080	98429952	78650112	29539840	33590016	61199872	28669952
286	43889920	1340160	43819776	101209856	78309888	29240064	33530112	60910080	29139968
287	43930112	1620224	43280128	100769792	77780224	28960000	33360128	60630016	29359872
288	46319872	2050048	42959872	100430080	77410048	28210176	32910080	60339968	29050112
289	45690112	2510080	42610176	100039936	77100032	27840000	33139968	60049920	28849920
290	45659904	2860032	41850112	99680000	76659968	31660032	33039872	59759872	29089792
291	46020096	2919936	41430016	99330048	76329984	31379968	32899840	59440128	28850176
292	48029952	2970112	41139968	98949888	75740160	31089920	33170176	59150080	28590080
293	47990016	3030016	40849920	98609920	75290112	30799872	33139968	58849792	29089792
294	48230144	3130112	40519936	98309888	74979840	30510080	33410048	58560000	28240128
295	48290048	2700032	40240128	97840128	74640128	29680128	33360128	58269952	28249856
296	48430080	2740224	39950080	97420032	74230016	29359872	32750080	57980160	29510144
297	48800000	3099904	39660032	97050112	73810176	29070080	30269952	57700096	38339840
298	48620032	2299904	39369984	96400128	73510144	28239872	29849856	57369856	38010112
299	49760000	3869952	39079936	96099840	72989952	27680256	29510144	57070080	37669888
300	61440000	4849920	38800128	96879872	72670208	27369984	29159936	56780032	37339904
301	61030144	4450048	38510080	96570112	72250112	27069952	28859904	56489984	37040128
302	60720128	4019968	38189824	96169984	71799808	26780160	28570112	56810240	36749824
303	60429824	4230144	38070016	95779840	71400192	26490112	27719936	57329920	36460032
304	59830016	5410048	39589888	95460096	71099904	26179840	27399936	57020160	36169984
305	59529984	5140224	39310080	95079936	70579968	25920000	26800128	56740096	35840000
306	59209984	5580032	39020032	94679808	69100032	25669888	26479872	56460032	34790144
307	58909952	7000064	38729984	94119936	68790016	25179904	27719936	56179968	34479872
308	58579968	6720000	38370048	93830144	68370176	25920000	27320064	55889920	34089984
309	58129920	6409984	37979904	93359872	68029952	25590016	27030016	55600128	33490176
310	57629952	6899968	37680128	92950016	67670016	25289984	26740224	55310080	32999936
311	55889920	5880064	37280000	92659968	67250176	24999936	26360064	54739968	32630016
312	55580160	5359872	36930048	92369920	66870016	24850176	26019840	54430208	32339968
313	55249920	4999936	37139968	91859968	66560000	25359872	25690112	54129920	32049920
314	54839808	4689920	36809984	91549952	66120192	27249920	24969984	53839872	31710208
315	54560000	4850176	36420096	91159808	65799936	31160064	21719808	53550080	31089920
316	54269952	4289792	36089856	90640128	65499904	31329792	21420032	54619904	30720000
317	53710080	4950016	35759872	89799936	65110016	31020032	21080064	58299904	30429952
318	53400064	4940032	35369984	91609856	64800000	30729984	22490112	58889984	30129920
319	52829952	4900096	35270144	91150080	64500224	30440192	20009984	57270016	29810176
320	52500224	4859904	37489920	90710016	65200128	30139904	19540224	58340096	29200128
321	52160000	5280256	37019904	91180032	65920000	28699904	19229952	58660096	28790016
322	51910144	4999936	36570112	90849792	65969920	28370176	18929920	59009792	28360192
323	51619840	4260096	36280064	90460160	65799936	28609792	18300160	58939904	27770112
324	51290112	4210176	37349888	89959936	65459968	29929984	18880000	62469888	27340032
325	50850048	3320064	37029888	89659904	65040128	29979904	19330048	65260032	26860032
326	50469888	3540224	36740096	89280000	64659968	32359936	20560128	64979968	26419968
327	50170112	3589888	36460032	88839936	64380160	34840064	20700160	65619968	25829888
328	49799936	4829952	36169984	88540160	64080128	34940160	20190208	65339904	25520128
329	49500160	4649984	35859968	88240128	63789824	35820032	20989952	65050112	24979968
330	49200128	6510080	35559936	87759872	63369984	35549952	21519872	65670144	24470016
331	48770048	7069952	37609984	87270144	63069952	35110144	22350080	66240000	24209920
332	48329984	10589952	40450048	86959872	62779904	37080064	22480128	67179776	24250112
333	47960064	11800064	40060160	86469888	62409984	36910080	23159808	68290048	23920128
334	47660032	13520128	39759872	85920000	62089984	37600256	23269888	68470016	23539968
335	47360000	15319808	39469824	85549824	61800192	37309952	21489920	68420096	23090176
336	46969856	18279936	39180032	84549888	61499904	35899904	21570048	68359936	20300032
337	46269952	19340032	38889984	84230144	61209856	34370048	23239936	71699968	19880192
338	45890048	20939776	38610176	83629824	60790016	34400000	22989824	71480064	19079936
339	45229824	20659968	38320128	86060032	60480000	35500032	23350016	71180032	18759936
340	44280064	22610176	38029824	84169984	60189952	35220224	23430144	70740224	18340096
341	43970048	22309888	44320000	83600128	59740160	34479872	23880192	70459904	18040064
342	43549952	23889920	47619840	82990080	59429888	34170112	24410112	70159872	17629952
343	43209984	23620096	47350016	82349824	59139840	33859840	24770048	69870080	17040128
344	42909952	23330048	47059968	81789952	58840064	32969984	24410112	69580032	16739840
345	42589952	23040000	44640000	81329920	59090176	33440000	24869888	69300224	16920064
346	42200064	22500096	47000064	80870144	58889984	33140224	24809984	69009920	16620032
347	42609920	22540032	46680064	80420096	58490112	32819968	27880192	68679936	16240128
348	42449920	22099968	45509888	80119808	58189824	32539904	44120064	68360192	15709952
349	45329920	21710080	45189888	79699968	57929984	32970240	42600192	68089856	15269888
350	45330176	24869888	44840192	79010048	57489920	33539840	40440064	67790080	14980096
351	45080064	24590080	43960064	78649856	57020160	33260032	40109824	67460096	22480128
352	44759808	25129984	43609856	78210048	57149952	32940032	39699968	66850048	22169856
353	44329984	25690112	43310080	77829888	56689920	30579968	39360000	66560000	21750016
354	43879936	26200064	42769920	77450240	56300032	30309888	38889984	66229760	21329920
355	43510016	29779968	42189824	77029888	55869952	29190144	38550016	69760000	20829952
356	43209984	33619968	46330112	76549888	55470080	28849920	38210048	70990080	20570112
357	42889984	33909760	45989888	76110080	54860032	28359936	37910016	72849920	20279808
358	42429952	33619968	45699840	75699968	54500096	28480000	37590016	72530176	19670016
359	42030080	33120000	44620032	75259904	54190080	28160000	37069824	73090048	19369984
360	41430016	34600192	44320000	74970112	53779968	27859968	36460032	74949888	19040000
361	41120000	34459904	44019968	74569984	53360128	28900096	36150016	77690112	18749952
362	40719872	37999872	43110144	74080256	53039872	31350016	35859968	78249984	18429952
363	40339968	40770048	42739968	74929920	52709888	30899968	35350016	77979904	18060032
364	39949824	40499968	42450176	74400000	52300032	30619904	35010048	77569792	17750016
365	39480064	40209920	42129920	73629952	51990016	33349888	34530048	77479936	17420032
366	39190016	39909888	41779968	73129984	51659776	33449984	34230016	76480000	17000192
367	38829824	39620096	41490176	72760064	51200000	33169920	33890048	77449984	16549888
368	38520064	39020032	41269760	72409856	50870016	32830208	33440000	81329920	16109824
369	38860032	38720000	43140096	72070144	50809856	32509952	32920064	81040128	15340032
370	38529792	39529984	43640064	71719936	50870016	32240128	32619776	80750080	11350016
371	38230016	42419968	45609984	71380224	52090112	31950080	32240128	84670208	11229952
372	38249984	45510144	45339904	70749952	60369920	31659776	31810048	85309952	14060032
373	40539904	45029888	45050112	70269952	59920128	31369984	31289856	85019904	13659904
374	42479872	46690048	44329984	69780224	59579904	30809856	31749888	84730112	13359872
375	43600128	50319872	44019968	70129920	60860160	31790080	31790080	85549824	14289920
376	44409856	51109888	43610112	69619968	60589824	31490048	32750080	85270016	14030080
377	44630016	50819840	43320064	69230080	60339968	31200000	33289984	84920064	13750016
378	46050048	51219968	42919936	68849920	62459904	30949888	33349888	87710208	13309952
379	46879744	50899968	42630144	68489984	66269952	30419968	32840192	88369920	12869888
380	46490112	50609920	42289920	66480128	66700032	34310144	32400128	88099840	12470016
381	48100096	50350080	39589888	66039808	67910144	34380032	32059904	87810048	12169984
382	49349888	51879936	39239936	65710080	70240256	34060032	31630080	87879936	11770112
383	50160128	54390016	38949888	65240064	70380032	33760000	31209984	87580160	11340032
384	50210048	54110208	37420032	64899840	70759936	33470208	30789888	87719936	10880000
385	49990144	53329920	36209920	64540160	71119872	33180160	30360064	88879872	10550016
386	49760000	53039872	35849984	64109824	71140096	32889856	30070016	92869888	10119936
387	49440000	53890048	35529984	63750144	70830080	32390144	29730048	93159936	9720064
388	50400000	53509888	35239936	63300096	72079872	32139776	29309952	92640000	8480000
389	50550016	52770048	34980096	66200064	71859968	31810048	28979968	92339968	10839808
390	50230016	52840192	33870080	65860096	72730112	31510016	28440064	92050176	10540032
391	53860096	52960000	33559808	65509888	73309952	31170048	28130048	91749888	9849856
392	55539968	52689920	33270016	65170176	72960000	30810112	30119936	93260032	9360128
393	55539968	52369920	32989952	64819968	72630016	30509824	30170112	92900096	8900096
394	56890112	52080128	32689920	64289792	72300032	29449984	29870080	92599808	8589824
395	57700096	51120128	31970048	63480064	72029952	30419968	29539840	92310016	8230144
396	57650176	51399936	31609856	62959872	71560192	29579776	29110016	93240064	7620096
397	57459968	52049920	31699968	62510080	71249920	28740096	28780032	96810240	7179776
398	57789952	52709888	33220096	62210048	70859776	28449792	31680000	96519936	6640128
399	58429952	54010112	32950016	61920000	70439936	30019840	31389952	96590080	6269952
400	58809856	54339840	32659968	61490176	70139904	32740096	31059968	98520064	7080192
401	58520064	56029952	31890176	61090048	69740032	32790016	30639872	98429952	8110080
402	58119936	59950080	31859968	59909888	69430016	31010048	30340096	98070016	13990144
403	57700096	61489920	31570176	59610112	69100032	30449920	29860096	100110080	20430080
404	57359872	61179904	31269888	58739968	68760064	29309952	29469952	99799808	20290048
405	57059840	60879872	30910208	58300160	68440064	30830080	29140224	99510016	19980032
406	58280192	62030080	30620160	57480192	68150016	29050112	28760064	98779904	20029952
407	58190080	62119936	29159936	57080064	67909888	28900096	28879872	98220032	20649984
408	57979904	61840128	28710144	56640000	67140096	31719936	29240064	99559936	20450048
409	59249920	61229824	29069824	56270080	66680064	31420160	32359936	100049920	19790080
410	60419840	60930048	28930048	54489856	65939968	31120128	32740096	99729920	20709888
411	61600000	61400064	34429952	53610240	65430016	29810176	32780032	99309824	28550144
412	61710080	61470208	34390016	51830016	65099776	29459968	32579840	98920192	28280064
413	62289920	61179904	34109952	51419904	64620032	29020160	32430080	98899968	28520192
414	63549952	61080064	33750016	50510080	64320000	28940032	32300032	98629888	29560064
415	63440128	61860096	36920064	50159872	63940096	28809984	32410112	98569984	29669888
416	63660032	61920000	36640000	49389824	63340032	30919936	32280064	98249984	31239936
417	65180160	61639936	40189952	48689920	63030016	32329984	31980032	100440064	30729984
418	66620160	62109952	39919872	46370048	62120192	32710144	31200000	100329984	34810112
419	66639872	61840128	39539968	45949952	61629952	32419840	30279936	105950208	35269888
420	67389952	61519872	39249920	45649920	65570048	32100096	29899776	105280000	35760128
421	68659968	62400000	39950080	44800000	60039936	31760128	29649920	106929920	35810048
422	69609984	62320128	41130240	44470016	59680256	31389952	29359872	109159936	36129792
423	69660160	62409984	40839936	43990016	58619904	30310144	28679936	109920000	35789824
424	70119936	62130176	40470016	43699968	58220032	29440000	28359936	109669888	35920128
425	70210048	61440000	40169984	43909888	57639936	29149952	28030208	109030144	35580160
426	72430080	61139968	39879936	43350016	57319936	28860160	27699968	110380032	35369984
427	73110016	63049984	39599872	44000000	57989888	28549888	26560000	110569984	36089856
428	73850112	67299840	50449920	44569856	58040064	27810048	26220032	110290176	44790016
429	67610112	67020032	52630016	46380032	58439936	29829888	25860096	110009856	44440064
430	67399936	70290176	52529920	46439936	59219968	29800192	25079808	109720064	44140032
431	69019904	69979904	52230144	46879744	60009984	29730048	24730112	109400064	43819776
432	69509888	69689856	51940096	49710080	60779776	31529984	24740096	109110016	43529984
433	69629952	69400064	51659776	49359872	63049984	31389952	22470144	109299968	42989824
434	69139968	69120000	51209984	47650048	63510016	31589888	22480128	109029888	42530048
435	68849920	68830208	51299840	47209984	63319808	31310080	23620096	108739840	42220032
436	70560000	68160000	51279872	46639872	63790080	30970112	23950080	108450048	41939968
437	70609920	67439872	54149888	46279936	63639808	30649856	23699968	107909888	41619968
438	71750144	67140096	56349952	45979904	65500160	32859904	23360000	107590144	41139968
439	71919872	66850048	56090112	45500160	65170176	31689984	22939904	106729984	40840192
440	72780032	66580224	54669824	45060096	63049984	31379968	22599936	106870016	40519936
441	72669952	65720064	54380032	44630016	62759936	31599872	27030016	106609920	40039936
442	74540032	65449984	53979904	43030016	62990080	31549952	26080000	106899968	39590144
443	74150144	66390016	53649920	42680064	62909952	31239936	25920000	108229888	39170048
444	73849856	66279936	53360128	41399808	63490048	35099904	25479936	107989760	38720000
445	73560064	66489856	54230016	41080064	64539904	37270016	24899840	113349888	38310144
446	76110080	66380032	53910016	40669952	66000128	37149952	24359936	112940032	37880064
447	75960064	68430080	50449920	40369920	65309952	36879872	26429952	112310016	37459968
448	81170176	70139904	50059776	39990016	66560000	36580096	26050048	112029952	37100032
449	80809984	70949888	49769984	39559936	65789952	36849920	25539840	112669952	36790016
450	80510208	71049984	49479936	39210240	66469888	36869888	22830080	114139904	36210176
451	80219904	70630144	49190144	47330048	66810112	37289984	22380032	113840128	35810048
452	79929856	72960000	47840000	46929920	67640064	37010176	22080000	113550080	35510016
453	79520000	73299968	46129920	46640128	67350016	36730112	21660160	112879872	35010048
454	79219968	73019904	43699968	46289920	67399936	36229888	21370112	112580096	34650112
455	78929920	72940032	43350016	45860096	69379840	36210176	21079808	112290048	34259968
456	78510080	73929984	43109888	45440000	69840128	35280128	20760064	112000000	33800192
457	78200064	73550080	42059776	43569920	70959872	38599936	20440064	111379968	33489920
458	77790208	73250048	43609856	42980096	70670080	38720000	20139776	111069952	32950016
459	79040000	72160000	42899968	42550016	71899904	38430208	19770112	110329856	32499968
460	79879936	71889920	42550016	40350208	71659776	38149888	19459840	110030080	32150016
461	80709888	71619840	42250240	39910144	71310080	39590144	19140096	109559808	31830016
462	83010048	71180032	41989888	39490048	71709952	39269888	18690048	109280000	31249920
463	83699968	70929920	41990144	38020096	71849984	43049984	18359808	111700224	30889984
464	84380160	70640128	41700096	37649920	71559936	43140096	18060032	111409920	30590208
465	85859840	72009984	42909952	36150016	71160064	42889984	17639936	111140096	30230016
466	85430016	75639808	42629888	35770112	70720000	42579968	16709888	110629888	29929984
467	85560064	75330048	42340096	35480064	70320128	44120064	16189952	110350080	29580032
468	85799936	76160000	42290176	35820032	70300160	49240064	15309824	110180096	29449984
469	85969920	76009984	42220032	31379968	70220032	49350144	15279872	109900032	29240064
470	85640192	75409920	41920000	31239936	70380032	49069824	16270080	113479936	28620032
471	85199872	75160064	41670144	30259968	68000000	48809984	16029952	112349952	28080128
472	84979968	74829824	41380096	29730048	67650048	48420096	15640064	112029952	27770112
473	84689920	74540032	41090048	29339904	67330048	47960064	15209984	111729920	27479808
474	84290048	74220032	40110080	28950016	66979840	47129856	14889984	111980032	27200000
475	83919872	73909760	40289792	29009920	66919936	46769920	14579968	111719936	26909952
476	83620096	73629952	41469952	27280128	66860032	46419968	14240000	113009920	26490112
477	83299840	73329920	41250048	24739840	66589952	46120192	13809920	112729856	25910016
478	82880000	73040128	44209920	25289984	66350080	45809920	18479872	112440064	25580032
479	82119936	72270080	48620032	24940032	66019840	45529856	17800192	112140032	25289984
480	82149888	72009984	52189952	24509952	65779968	45000192	17459968	111849984	25009920
481	81870080	73550080	51910144	24040192	65449984	45219840	17530112	111379968	24719872
482	81449984	73270016	52170240	23549952	65190144	44940032	17600000	108909824	24300032
483	81159936	72999936	51869952	23249920	64839936	46810112	17990144	113770240	23879936
484	80580096	73890048	51479808	22710016	64979968	46220032	18060032	117879808	23579904
485	80199936	73560064	51330048	22409984	64689920	45920000	17889792	117900032	23290112
486	79789824	75209984	51510016	22019840	64359936	45619968	17410048	117649920	22969856
487	76560128	74940160	53920000	21720064	64020224	45849856	17519872	117350144	22670080
488	76229888	75730176	56310016	21329920	63709952	45570048	17640192	117719808	22380032
489	75939840	78220032	56989952	20659968	63409920	45280000	18070016	117580032	22099968
490	75570176	77949952	59930112	20230144	63130112	47059968	17620224	117720064	21810176
491	75269888	77670144	59840000	19759872	62809856	47649792	18899968	121449984	21519872
492	74860032	77390080	59079936	20169984	62479872	47330048	18469888	120950016	21110016
493	74390016	77090048	58930176	20860160	62140160	47040000	18060032	122599936	20809984
494	74089984	76300032	58409984	20930048	61699840	46750208	15109888	122290176	20519936
495	73779968	75980032	58089984	20910080	61330176	45270016	14560000	121999872	20519936
496	73449984	75190016	65549824	21080064	60890112	44940032	14099968	121540096	20630016
497	73029888	74200064	65670144	19919872	60509952	48369920	13689856	121250048	21320192
498	72720128	74600192	65379840	22259968	60190208	48100096	13330176	120960000	21049856
499	72399872	74319872	69959936	21929984	59859968	47809792	16859904	120670208	21779968
500	71969792	74029824	69689856	22400000	59419904	47529984	16530176	120379904	21219840
501	71549952	73750016	73700096	22660096	59120128	47239936	16589824	119609856	20680192
502	72689920	73280000	77830144	22829824	68819968	46939904	16720128	119300096	20270080
503	72930048	72950016	77550080	22449920	68539904	46650112	16329984	118850048	19809792
504	72590080	72649984	77259776	21920000	68169984	46070016	16009984	118509824	19340032
505	72300032	72369920	81699840	21620224	67859968	45799936	15630080	118210048	24689920
506	72020224	72070144	81420032	21230080	67529984	45499904	15259904	117929984	24369920
507	71280128	71689984	84519936	20739840	67089920	44649984	14790144	117640192	24049920
508	70509824	71399936	84230144	20400128	66639872	44329984	14159872	116879872	23490048
509	70200064	70330112	83960064	19980032	66330112	44000000	13230080	116569856	23089920
510	69860096	70010112	83809792	19669760	65910016	43699968	12809984	116290048	22359808
511	69579776	69389824	83529984	19290112	65600000	43409920	12379904	116310016	21850112
512	69160192	68189952	83249920	16229888	65510144	43120128	12090112	115990016	21430016
513	68569856	68399872	82970112	15890176	65820160	42799872	11559936	116829952	21020160
514	68260096	68000000	82909952	15369984	65699840	42499840	10870016	116549888	21160192
515	67940096	67470080	82859776	14799872	65519872	42899968	10439936	116260096	21150208
516	67650048	67219968	82300160	14140160	65230080	42620160	10039808	115769856	20679936
517	67230208	66599936	84689920	13659904	64390144	43139840	9700096	115459840	20370176
518	66919936	66300160	86430208	13059840	64070144	50550016	9179904	114190080	20039936
519	67389952	66210048	86149888	12540160	63520000	50230016	8739840	113869824	19609856
520	68200192	67459840	88120064	17530112	63150080	49929984	10569984	113920000	18980096
521	70590208	66980096	87799808	16750080	60999936	52359936	21600000	114180096	13979904
522	71479808	66690048	87490048	17609984	60679936	52040192	22080000	113899776	13349888
523	71539968	66359808	87219968	18109952	60110080	51740160	22080000	113410048	11480064
524	74380032	67569920	86929920	18840064	59630080	50370048	22259968	112989952	11000064
525	74329856	67140096	86540032	19639808	59269888	49410048	22070016	112690176	11760128
526	75329792	66850048	86230016	22540032	58960128	48169984	21629952	112400128	11469824
527	75360000	66560000	86159872	23350016	54720000	47960064	21370112	112109824	11190016
528	74959872	66279936	88009984	31279872	54260224	47660032	20999936	111830016	15200000
529	74789888	65989888	87729920	33769984	53730048	47379968	20550144	111500032	13560064
530	74419968	65360128	87440128	33139968	53249792	47069952	19430144	111159808	13229824
531	74619904	65060096	87350016	32990208	52950016	46760192	19009792	114969856	13430016
532	74230016	64729856	87219968	34240000	52659968	46449920	21639936	114710016	14020096
533	73769984	64430080	85949952	33239808	52369920	46159872	21210112	115480064	13809920
534	73340160	64140032	84859904	33270016	51950080	45870080	21819904	114819840	14099968
535	73029888	63849984	85839872	34199808	51650048	47180032	21500160	114530048	13609984
536	72709888	63539968	85560064	51209984	51360000	46610176	24089856	114200064	13280000
537	72420096	63239936	86720000	50749952	50940160	46299904	23640064	113899776	12979968
538	72180224	62949888	88070144	49180160	50639872	46009856	23340032	117539840	12680192
539	71819776	62970112	87729920	48539904	50340096	45690112	23009792	117270016	12049920
540	71529984	66609920	87410176	48030208	49929984	49299968	22680064	116940032	10609920
541	71200000	65849856	86939904	47510016	49629952	49019904	22339840	116650240	10119936
542	70900224	65540096	86509824	47209984	49340160	49240064	22010112	116369920	10030080
543	70599936	65240064	88339968	46600192	48930048	48940032	21710080	116069888	15059968
544	70199808	65260032	88060160	46139904	48619776	50970112	21809920	115780096	14700032
545	69790208	67510016	87769856	45819904	48300032	50690048	21840128	115109888	14519808
546	69489920	67219968	86700032	45410048	48000000	51340032	21650176	114029824	14820096
547	69199872	66919936	84659968	45019904	48920064	57460224	22209792	115130112	14639872
548	68800000	65780224	89540096	44720128	49479936	59000064	22840064	114889984	14350080
549	68389888	65420032	89260032	44160000	49199872	58710016	22749952	114330112	14029824
550	68099840	67899904	88960000	43549952	49590016	58440192	23299840	114019840	13730048
551	67750144	70670080	88669952	43210240	49700096	58149888	22990080	113729792	13400064
552	67450112	70380032	88389888	42800128	49950208	61609984	23510016	113410048	12909824
553	67149824	70089984	86919936	42419968	50169856	60539904	23330048	113080064	11900160
554	66860032	71899904	86540032	42030080	50599936	62560000	23529984	112790016	11599872
555	66349824	71079936	89920000	41540096	50729984	64999936	22929920	112509952	11180032
556	65840128	70759936	92749824	41229824	50329856	67209984	22620160	112219904	10840064
557	65520128	70430208	91389952	40940032	50000128	67750144	22299904	111699968	10339840
558	65120000	69159936	90739968	40450048	49690112	67429888	22009856	111409920	10759936
559	64670208	68859904	90380032	40150016	49399808	67160064	21680128	110690048	18579968
560	64369920	68560128	89999872	39760128	49090048	66860032	21309952	110400000	18880000
561	64079872	68250112	89289984	39249920	48480000	66569984	20800000	110070016	19020032
562	64540160	69789952	88979968	39389952	49640192	66789888	20889856	111229952	19820032
563	64339968	69519872	88689920	48270080	49260032	70350080	21669888	110569984	19729920
564	76389888	69060096	95190016	48880128	50390016	70070016	22360064	110259968	19520000
565	78620160	68760064	99270144	50889984	50049792	69789952	22720000	109999872	20019968
566	78530048	70050048	98980096	51079936	51419904	69509888	22850048	111059968	19709952
567	80239872	69779968	103009792	52580096	53069824	72800000	22659840	110739968	21910016
568	81060096	69730048	102729984	52709888	54289920	73150208	22180096	110429952	21540096
569	81080064	69440000	106510080	52389888	54670080	72870144	22110208	110139904	23630080
570	81859840	71040000	106119936	52099840	55470080	72579840	22840064	109850112	23699968
571	81890048	71399936	105820160	51709952	66870016	70140160	24290048	109529856	23170048
572	82370048	72250112	105530112	51239936	66599936	70129920	23660032	109240064	22560000
573	87389952	73570048	107520000	50650112	66279936	69660160	23350016	108950016	22070016
574	87540224	73260032	107239936	50080000	65860096	72450048	22940160	108659968	21710080
575	88269824	72969984	108960000	49769984	65560064	72179968	22609920	108370176	21339904
576	88679936	72869888	108569856	49320192	65219840	71940096	22060032	107950080	21779968
577	89469952	73820160	108460032	48800000	64700160	71549952	21750016	106499840	26630144
578	91869952	73679872	108169984	48499968	64389888	70989824	21420032	106180096	26339840
579	91699968	75790080	107879936	48210176	64089856	70460160	21100032	105890048	26020096
580	92080128	75460096	110080000	47810048	63800064	69690112	20440064	105600000	25689856
581	92210176	75169792	113470208	47309824	63510016	70580224	23250176	105270016	25059840
582	92270080	74880000	114809856	47010048	63180032	70259968	22599936	105580032	24610048
583	93139968	74589952	116489984	46599936	62759936	69969920	22279936	105289984	24199936
584	93580032	72740096	120310016	46300160	62449920	71609856	21679872	105000192	23590144
585	93469952	72430080	122060032	45910016	62030080	71749888	19450112	104539904	23290112
586	94700032	72140032	121680128	46220032	61730048	71440128	19030016	104209920	22969856
587	95140096	71330048	125449984	47059968	61379840	71149824	18429952	103910144	22370048
588	95430144	70490112	125160192	48320000	60670208	70750208	18089984	103620096	22060032
589	95149824	70179840	124869888	47870208	60219904	72709888	17670144	103329792	21739776
590	94860032	69880064	124579840	49590016	59909888	72470016	17369856	103020032	21440000
591	94469888	69600000	129090048	51920128	59620096	75449856	17040128	102720000	21060096
592	94200064	69309952	132779776	51529984	59180032	75040000	16620032	102429952	20640000
593	93920000	69010176	131569920	51150080	58340096	78860032	16199936	102140160	20199936
594	93629952	68559872	131180032	52300032	58030080	78600192	16339968	103200000	19879936
595	93350144	68270080	132389888	51849984	57679872	78720000	16169984	102040064	19529984
596	93049856	68819968	132109824	53629952	57340160	76229888	17179904	101690112	18870016
597	92690176	68440064	131820032	54230016	57040128	81260032	17539840	101359872	18429952
598	92280064	67539968	134620160	53940224	56640000	80990208	17120000	101069824	18919936
599	91940096	67449856	134350080	56630016	57539840	80640000	16249856	101040128	18860032
600	91640064	70230016	133690112	57569792	58969856	80760064	15890176	100760064	19450112
601	91350016	70259968	133510144	57380096	58729984	80510208	15559936	99949824	19479808
602	91040000	70179840	133489920	57330176	60489984	80219904	15259904	101479936	19010048
603	90589952	70050048	134400000	56859904	60499968	79929856	14860032	101530112	18919936
604	90070016	71190016	134119936	56550144	60140032	80199936	14560000	105190144	19130112
605	89789952	71060224	133840128	56160000	59879936	80140032	14150144	104679936	19079936
606	89490176	72849920	136329984	55609856	59770112	82119936	14230016	104739840	19300096
607	89100032	72499968	136000000	55200000	59909888	81839872	13929984	104470016	18989824
608	88689920	72220160	135510016	54670080	58949888	81550080	13459968	107230208	18690048
609	88380160	71470080	134940160	54099968	58479872	82610176	12850176	108969984	18350080
610	87889920	71339776	135040000	53789952	57850112	82319872	12470016	108689920	18030080
611	87520256	70770176	135590144	53499904	57049856	82070016	12120064	109129984	17690112
612	87229952	73529856	135899904	53030144	56380160	81779968	11760128	108819968	17250048
613	86530048	75109888	137379840	52509952	55970048	83350016	16029952	112000000	16860160
614	86180096	75190016	137090048	52209920	54759936	83040256	15760128	112320000	16570112
615	87410176	75779840	136719872	51920128	53230080	82739968	15229952	113200128	16229888
616	89050112	75610112	137939968	51589888	52859904	82449920	14860032	113079808	15910144
617	91670016	75910144	139180032	51099904	52300032	82120192	13400064	114230016	15539968
618	91820032	75599872	138889984	50579968	51950080	81829888	12829952	115630080	15069952
619	91260160	75330048	138599936	50279936	51629824	81539840	11559936	118070016	13949952
620	86319872	79030016	139840000	49900032	51340032	81250048	10970112	117789952	15340032
621	87510016	79640064	139470080	49390080	51049984	81510144	9679872	117499904	15699968
622	87209984	79360000	139000064	49090048	50659840	81810176	9290240	117180160	15260160
623	87789824	77969920	138680064	48800000	50210048	84079872	8849920	116879872	16739840
624	89779968	77659904	138380032	48339968	49819904	84000000	8440064	115990016	16420096
625	90070016	77380096	138889984	47840000	49319936	86650112	8090112	118880000	16019968
626	90599936	75879936	138519808	47529984	49479936	84630016	8509952	121760000	15719936
627	91620096	75559936	140589824	47140096	49390080	85999872	11949824	121480192	15150080
628	91930112	75260160	141699840	46649856	49029888	87229952	10160128	121500160	14700032
629	91659776	74970112	141890048	46340096	50280192	87239936	11340032	121229824	14370048
630	91260160	74679808	141379840	45580032	50000128	86919936	12560128	122040064	14089984
631	90959872	77409792	141080064	45110016	49679872	86619904	12160000	121999872	10760192
632	90670080	77459968	140679936	44760064	46180096	87640064	12999936	123020032	10400000
633	90340096	77489920	140389888	44419840	45750016	87520000	13639936	125819904	9939968
634	90050048	76910080	140019968	43950080	45420032	90309888	14160128	125549824	9490176
635	89760000	76719872	139409920	43219968	46550016	90749952	14240000	125180160	9159936
636	89430016	79099904	138990080	46119936	44190208	91940096	13820160	124879872	8729856
637	89009920	80590080	138240000	45779968	45440000	92770048	13169920	128249856	8270080
638	88710144	83640064	142870016	45430016	45560064	97329920	19900160	127970048	7859968
639	88399872	83680000	147000064	44969984	45910016	98370048	19369984	127680000	7269888
640	87950080	83079936	147790080	44429824	47170048	98110208	18920192	127180032	6720000
641	87620096	82810112	147510016	42460160	46900224	97819904	18589952	126880000	6360064
642	87040000	82889984	147029760	41920000	46589952	97159936	18310144	126509824	6070016
643	86690048	82600192	146690048	41620224	46179840	96859904	18280192	126220032	5470208
644	86390016	80410112	146400000	41009920	45710080	96259840	19650048	125760000	4859904
645	86069760	83469824	146110208	40549888	46230016	96910080	21799936	126860032	4429824
646	87040000	82670080	145720064	40019968	46589952	96620032	21400064	126579968	3790080
647	87699968	82409984	145399808	39709952	46080000	98000128	21730048	126329856	4209920
648	87709952	82259968	144720128	40189952	45670144	97709824	21449984	126070016	2690048
649	86499840	80640000	144410112	40630016	45199872	97420032	21669888	125479936	2599936
650	86190080	80369920	144119808	40410112	44420096	96829952	21230080	125180160	2540032
651	84649984	84529920	143840000	40119808	44000000	98630144	22140160	124849920	2070016
652	84310016	84920064	147409920	39709952	43689984	98080000	22259968	124550144	3139840
653	83979776	83719936	147670016	39170048	43360000	97729792	21979904	124270080	5540096
654	83689984	83399936	147369984	38849792	42870016	98969856	21540096	123980032	4829952
655	84150016	85550080	147079936	37129984	44539904	1.07E+08	21679872	123789824	4950016
656	83460096	85230080	146800128	40339968	46070016	1.08E+08	21890048	123549952	4590080
657	83170048	86930176	146419968	39859968	46190080	1.08E+08	21609984	123280128	5100032
658	82750208	87279872	146120192	39539968	45590016	1.07E+08	23150080	123000064	6299904
659	82459904	87020032	145659904	39150080	45280000	1.07E+08	24000000	123330048	6080000
660	82139904	86720000	145369856	38859776	44979968	1.07E+08	27010048	122450176	5760000
661	81700096	86470144	145080064	38569984	44770048	1.06E+08	26560000	122139904	5410048
662	83600128	86179840	144790016	38169856	62850048	1.06E+08	26230016	121990144	6610176
663	83709952	85890048	144489984	37660160	62439936	1.07E+08	25720064	121679872	6299904
664	83410176	85600000	144019968	37169920	62100224	1.07E+08	25129984	121380096	5009920
665	83899904	84609792	143630080	36869888	61760000	1.07E+08	24410112	120920064	6330112
666	83680000	84280064	143569920	36349952	61459968	1.06E+08	24069888	117989888	5959936
667	83730176	83990016	145370112	36039936	61170176	1.07E+08	23729920	117680128	7010048
668	84539904	84289792	145040128	35509760	60750080	1.07E+08	23249920	120190208	7869952
669	84649984	84169984	144969984	33929984	60449792	1.06E+08	22909952	119919872	9289984
670	86249984	89710080	148809984	33609984	60160000	1.06E+08	22630144	120530176	8930048
671	86620160	91369984	149490176	33240064	59820032	1.06E+08	22320128	121489920	9319936
672	86550016	90370048	150080000	32950016	59379968	1.05E+08	21949952	121199872	17180160
673	87460096	90099968	149750016	32659968	59069952	1.04E+08	21570048	121740032	16889856
674	90550016	89810176	149459968	32160000	58659840	1.04E+08	21169920	123860224	19510016
675	90670080	89519872	149169920	31859968	58360064	1.07E+08	20770048	127539968	19209984
676	90769920	89229824	148879872	31569920	58020096	1.09E+08	21190144	129050112	19269888
677	91229952	90880000	148489984	31280128	57549824	1.09E+08	20920064	129650176	20709888
678	93289984	93920000	148189952	30769920	57250048	1.08E+08	20520192	129390080	20890112
679	93440000	93949952	147899904	30470144	56719872	1.08E+08	20069888	131069952	29629952
680	94199808	95190016	147620096	30170112	56279808	1.08E+08	18679808	132339968	29369856
681	94210048	94929920	147330048	29880064	55970048	1.08E+08	18249984	134040064	28969984
682	97629952	94640128	147389952	29600000	55599872	1.07E+08	17870080	135000064	28640000
683	100150016	96750080	148850176	29689856	55290112	1.07E+08	18770176	136869888	28299776
684	101629952	96849920	148559872	34650112	54960128	1.06E+08	18609920	138010112	27859968
685	101659904	96559872	148759808	35170048	54619904	1.06E+08	18680064	139409920	27190016
686	110800128	96300032	149339904	34889984	54200064	1.06E+08	18390016	139130112	26620160
687	110449920	96009984	149250048	34599936	53600000	1.06E+08	18070016	138809856	26149888
688	109860096	95950080	149479936	34319872	53289984	1.05E+08	17789952	138520064	25839872
689	109489920	95040000	149650176	34040064	52910080	1.05E+08	17400064	138230016	25430016
690	109189888	95229952	150009856	33639936	52610048	1.07E+08	17050112	137939968	25139968
691	108780032	95470080	149949952	32980224	52120064	1.07E+08	16579840	137660160	24730112
692	108470016	95369984	149570048	35069952	51729920	1.07E+08	16280064	136049920	27150080
693	108040192	97619968	149189888	34539776	51099904	1.08E+08	15879936	135740160	26849792
694	107590144	97550080	148899840	34020096	45330176	1.1E+08	15549952	135440128	26550016
695	107299840	100430080	148610048	33709824	44940032	1.14E+08	15030016	135589888	26200064
696	106970112	100120064	148029952	33410048	45070080	1.15E+08	14439936	135300096	25819904
697	106670080	99830016	147619840	33129984	45020160	1.15E+08	14140160	135590144	25499904
698	106379776	99539968	147289856	32839936	48379904	1.17E+08	16329984	134400000	25189888
699	105850112	103160064	146509824	32450048	48819968	1.18E+08	15949824	134099968	24910080
700	105539840	104310016	146200064	31800064	49129984	1.18E+08	15760128	133769984	24590080
701	105250048	104029952	145910016	31409920	51649792	1.17E+08	15660032	134220032	24249856
702	104960000	103699968	145619968	30899968	51469824	1.17E+08	15640064	133959936	23960064
703	104589824	106149888	145220096	30419968	52039936	1.17E+08	15190016	133670144	23630080
704	104090112	105230080	145080064	30120192	54109952	1.15E+08	14889984	133359872	23080192
705	98320128	104930048	143890176	29520128	54850048	1.15E+08	14589952	132019968	22700032
706	98009856	104400128	144099840	29199872	55059968	1.16E+08	13939968	131599872	22259968
707	97680128	104690176	143770112	28910080	54649856	1.16E+08	16069888	131289856	21950208
708	97339904	104019968	143439872	28140032	54140160	1.17E+08	15730176	130990080	21629952
709	97029888	104290048	143149824	27499776	52889856	1.17E+08	15300096	134040064	21199872
710	96710144	108029952	141490176	27069952	53819904	1.17E+08	14939904	133760000	20790016
711	96239872	109890048	141120000	48699904	81839872	1.17E+08	14520064	133440000	20310016
712	95800064	115200000	140969984	46110208	81560064	1.17E+08	11160064	133149952	19840000
713	95500032	116519936	141289984	45750016	81260032	1.16E+08	10840064	132860160	20049920
714	95179776	116239872	147909888	42179840	80929792	1.15E+08	10040064	132570112	20150016
715	95719936	115719936	147709952	41730048	80230144	1.15E+08	9740032	132279808	19760128
716	95549952	115620096	147020032	41670144	79889920	1.15E+08	9310208	131440128	19460096
717	95490048	115329792	146610176	42720000	79560192	1.14E+08	8539904	132320000	19139840
718	95200000	115229952	146750208	46540032	79229952	1.14E+08	9169920	132019968	18850048
719	94880000	116900096	146070016	46319872	78619904	1.16E+08	8870144	131749888	20450048
720	94449920	120899840	145949952	46020096	78300160	1.18E+08	8429824	130550016	20020224
721	94019840	120780032	145659904	45730048	78050048	1.18E+08	7520000	130249984	20329984
722	93720064	120969984	145379840	45149952	77710080	1.17E+08	6779904	129949952	20430080
723	93420032	120689920	145229824	44700160	77280000	1.17E+08	6359808	129629952	20109824
724	93030144	118489856	144940032	44379904	76849920	1.19E+08	5860096	129339904	19810048
725	92600064	119180032	144100096	44089856	76550144	1.19E+08	5340160	129020160	19479808
726	92269824	118380032	143749888	43689984	76130048	1.18E+08	6850048	128730112	19080192
727	91840000	118980096	143340032	43389952	75690240	1.18E+08	9710080	128549888	18370048
728	91549952	118710016	142850048	43109888	75379968	1.18E+08	9819904	128259840	17779968
729	91249920	119450112	142840064	42820096	75040000	1.18E+08	9580032	127970048	17420032
730	90970112	119650048	142499840	42530048	74259968	1.19E+08	9779968	127729920	17129984
731	90639872	119379968	142119936	40510208	73769984	1.19E+08	9910016	127440128	16679936
732	90350080	119089920	141809920	40059904	73089792	1.18E+08	8189952	127139840	16260096
733	90060032	120049920	141509888	43660032	72580096	1.23E+08	9139968	126849792	15939840
734	89769984	119770112	141329920	43389952	72739840	1.25E+08	8820224	130439936	15610112
735	89490176	119520000	141159936	43000064	73230080	1.25E+08	8489984	130150144	15140096
736	89169920	118050048	140859904	42700032	73239808	1.24E+08	8860160	129850112	14839808
737	88879872	117720064	139660032	42409984	76199936	1.24E+08	8420096	134530048	14540032
738	88590080	117430016	139480064	42120192	78460160	1.23E+08	8090112	135479808	14050048
739	88300032	117159936	139239936	41819904	78410240	1.23E+08	7650048	135209984	13760000
740	88000000	118759936	139490048	41479936	78679808	1.23E+08	7340032	134909952	16100096
741	87600128	118470144	139209984	41010176	78489856	1.22E+08	8669952	134640128	17149952
742	87609856	118180096	139200000	40709888	79150080	1.21E+08	8660224	134349824	17170176
743	89049856	117889792	139099904	40419840	78779904	1.22E+08	8059904	134070016	17500160
744	89849856	117600000	139520000	40130048	77970176	1.21E+08	7620096	133779968	17549824
745	90020096	116519936	140100096	39840000	77659904	1.22E+08	7209984	133489920	17090048
746	90370048	116410112	140189952	38980096	77359872	1.22E+08	6799872	132300032	17209856
747	90419968	116379904	140699904	37979904	77070080	1.22E+08	6460160	130889984	16780032
748	91870208	116780032	140600064	38130176	78320128	1.22E+08	6809856	130850048	17660160
749	92359936	116499968	140360192	37690112	78489856	1.21E+08	7100160	130569984	16269824
750	92179968	116130048	140019968	35269888	79780096	1.22E+08	6609920	130249984	20179968
751	92239872	115830016	140169984	34860032	79759872	1.23E+08	6700032	129959936	19300096
752	92100096	115539968	139879936	34429952	80220160	1.23E+08	4910080	130110208	17580032
753	91689984	115240192	139120128	34080000	81440000	1.29E+08	4560128	129860096	17270016
754	91389952	115169792	138279936	33789952	81449984	1.29E+08	4219904	129230080	16790016
755	91129856	115150080	137969920	33499904	82009856	1.28E+08	3889920	128189952	15660032
756	90840064	115160064	137670144	33079808	83320064	1.28E+08	3369984	128440064	15859968
757	90560000	115240192	137380096	32770048	83040000	1.28E+08	2639872	125379840	15640064
758	89979904	115459840	136979968	32480000	83119872	1.28E+08	2289920	125060096	15680000
759	89670144	115420160	136690176	34280192	83560192	1.28E+08	4480000	123960064	16169984
760	89260032	115130112	136300032	34019840	86909952	1.27E+08	4130048	122249984	15849984
761	88780032	115069952	136220160	34020096	86650112	1.27E+08	5779968	121939968	15529984
762	88369920	113840128	135929856	36470016	86360064	1.27E+08	5479936	121329920	15119872
763	88069888	113900032	135539968	37030144	85930240	1.27E+08	5149952	121520128	14779904
764	87720192	113609984	135239936	37270016	85629952	1.26E+08	4880128	122060032	14470144
765	87300096	113320192	135719936	37730048	85299968	1.26E+08	5609984	122110208	14159872
766	86999808	113030144	135429888	39069952	84649984	1.26E+08	9039872	122269952	13730048
767	86600192	113489920	135130112	40189952	84130048	1.25E+08	8760064	122019840	22809856
768	86180096	114579968	134749952	39909888	83819776	1.25E+08	9230080	121670144	23689984
769	85889792	115360000	134449920	44710144	83280128	1.24E+08	9689856	121379840	25689856
770	85600000	115790080	134160128	51110144	82979840	1.24E+08	10519808	121090048	24930048
771	85270016	116249856	133860096	53679872	82640128	1.24E+08	10110208	119790080	24920064
772	84620032	116090112	133129984	55180032	82340096	1.23E+08	9829888	119479808	24429824
773	84140032	115990016	132760064	56329984	82009856	1.23E+08	9409792	119620096	25100032
774	81839872	114729984	132369920	56100096	81670144	1.23E+08	12150016	119330048	25190144
775	81530112	114490112	132069888	55719936	81369856	1.22E+08	11790080	119040000	26089984
776	81240064	114589952	131770112	55219968	81039872	1.22E+08	11289856	120470016	26189824
777	80919808	114269952	131470080	54920192	80600064	1.22E+08	10860032	120519936	25959936
778	80509952	113969920	131089920	54619904	80290048	1.22E+08	10520064	120869888	26240000
779	80529920	113710080	130790144	54329856	79910144	1.22E+08	9939968	120820224	27149824
780	80720128	113409792	130490112	54050048	79610112	1.21E+08	9590016	120499968	27089920
781	84210176	113120000	130199808	53609984	78969856	1.21E+08	9299968	120219904	30150144
782	84529920	112819968	129910016	53309952	78569984	1.21E+08	8970240	119559936	29730048
783	84269824	111670016	129230080	52920064	74579968	1.2E+08	8649984	117290240	29440000
784	84279808	110950144	129299968	52249856	74140160	1.19E+08	8229888	116960000	29080064
785	84379904	110680064	128899840	51910144	73690112	1.18E+08	7539968	116900096	28649984
786	84390144	110530048	128599808	51450112	73339904	1.18E+08	7190016	116580096	28060160
787	85859840	110390016	128310016	51030016	76740096	1.17E+08	7579904	116279808	26779904
788	85680128	110289920	128009984	50620160	80000000	1.17E+08	7410176	113489920	26359808
789	85799936	110149888	127699968	50259968	100760064	1.17E+08	9050112	113039872	25810176
790	85489920	110240000	127399936	49910016	100439808	1.16E+08	10170112	112009984	25379840
791	85189888	109760000	127110144	49490176	100100096	1.16E+08	9159936	111699968	54119936
792	84910080	109449984	127380224	49199872	99790080	1.16E+08	10029824	110810112	53280000
793	84499968	109169920	127089920	48849920	99439872	1.15E+08	9760000	110309888	52950016
794	84040192	108870144	126419968	48560128	98990080	1.15E+08	9369856	110190080	52659968
795	83739904	108189952	126110208	48279808	98629888	1.14E+08	9040128	109910016	52370176
796	83379968	107840000	125670144	47940096	98169856	1.14E+08	8669952	109810176	52090112
797	82980096	107880192	125359872	47640064	97600000	1.13E+08	8259840	109520128	51769856
798	82569984	107899904	125060096	47249920	97230080	1.13E+08	6330112	108890112	51420160
799	82269952	107609856	124770048	46970112	96919808	1.13E+08	6030080	108770048	50929920
800	81929984	107320064	124389888	46670080	96570112	1.12E+08	5419776	108480000	50320128
801	82060032	107079936	124080128	49900032	96249856	1.12E+08	7929856	108310016	50010112
802	81999872	107500032	123780096	50690048	95919872	1.11E+08	9009920	108239872	49679872
803	81619968	107180032	123490048	51640064	95580160	1.11E+08	17989888	107949824	49400064
804	82809856	106880000	123200000	51749888	95140096	1.11E+08	17920000	107740160	49070080
805	82589952	105280000	122479872	55910144	94689792	1.1E+08	20419840	107660032	48739840
806	82360064	104960000	122160128	55660032	94300160	1.1E+08	21629952	107380224	48450048
807	82099968	104659968	121860096	56559872	93809920	1.09E+08	22080000	107209984	48160000
808	81789952	104369920	121469952	56640000	93420032	1.1E+08	21890048	107129856	47749888
809	81169920	104029952	121479936	56989952	93110016	1.09E+08	25010176	106040064	47310080
810	80720128	103740160	120809984	56780032	92839936	1.09E+08	24090112	105830144	46909952
811	80339968	103449856	120509952	57060096	92539904	1.09E+08	23759872	105710080	46170112
812	79789824	103150080	120199936	56780032	92220160	1.08E+08	23420160	105380096	46129920
813	79480064	102850048	119910144	56400128	91800064	1.08E+08	23579904	105209856	46289920
814	79089920	101979904	119620096	56090112	91449856	1.07E+08	28050176	105129984	45830144
815	78489856	101609984	118589952	55800064	90990080	1.07E+08	28569856	104839936	45880064
816	77030144	100750080	118270208	55520000	90660096	1.07E+08	28999936	104669952	46109952
817	76659968	100580096	117969920	53850112	90189824	1.07E+08	29250048	104209920	46459904
818	76359936	100839936	117649920	53399808	89770240	1.07E+08	28920064	103889920	46159872
819	76530176	100549888	117789952	49250048	89339904	1.06E+08	28610048	103710208	46220032
820	76560128	100249856	117509888	48710144	88979968	1.06E+08	28250112	103649792	45939968
821	76270080	99950080	116819968	50200064	88559872	1.06E+08	27950080	103330048	45659904
822	76400128	99670016	116489984	50129920	88130048	1.05E+08	27619840	102840064	45839872
823	76379904	99340032	116189952	49729792	87810048	1.05E+08	27190016	102770176	45420032
824	75529984	99040000	115900160	49430016	87460096	1.04E+08	26839808	102480128	44989952
825	76989952	98739968	115599872	48910080	87160064	1.04E+08	29449984	102100224	44539904
826	77679872	98449920	115209984	48430080	86860032	1.03E+08	29149952	102009856	44169984
827	79940096	98160128	115009792	48130048	86479872	1.03E+08	28809984	101720064	43650048
828	81769984	97669888	115020032	47840000	86170112	1.02E+08	28509952	101560064	43229952
829	90980096	96740096	114739968	47550208	85870080	1.02E+08	28189952	101489920	43239936
830	90700032	96660224	114439936	47269888	85560064	1.02E+08	27760128	101180160	42949888
831	90359808	96310016	113890048	46849792	85169920	1.02E+08	27450112	101009920	42629888
832	90070016	96029952	113570048	46550016	84819968	1.02E+08	27159808	100900096	42990080
833	89769984	95740160	113299968	46080000	84499968	1.02E+08	26769920	100560128	42830080
834	89349888	95579904	113240064	45699840	84080128	1.01E+08	27590144	100179968	42419968
835	88829952	95470080	112780032	45180160	83619840	1E+08	27749888	99819776	41929984
836	88480000	95259904	112489984	44689920	83210240	1E+08	27450112	99500032	41629952
837	87939840	101979904	112310016	44380160	82809856	99849984	27010048	99350016	46089984
838	87379968	102259968	112130048	43920128	82209792	99529984	26710016	103739904	45510144
839	87059968	102180096	112009984	43619840	81760000	99009792	26419968	103589888	45100032
840	86749952	100460032	111300096	43310080	81260032	98710016	26119936	103450112	44750080
841	86400000	99879936	111100160	44470016	81029888	98030080	26729984	103400192	44229888
842	85970176	99810048	110729984	45190144	80649984	97880064	26289920	103270144	43930112
843	85659904	100009984	110540032	45110016	80310016	97949952	27389952	103099904	43609856
844	85329920	99729920	110419968	44770048	80000000	97600000	27109888	102950144	42110208
845	85030144	99429888	110400000	44259840	79649792	97289984	26850048	102640128	41530112
846	84730112	99100160	110109952	43949824	79190016	96999936	26569984	102570240	41219840
847	84300032	98809856	109920000	43660032	78889984	96699904	26249984	102279936	40930048
848	83990016	98509824	109920000	43379968	78509824	96379904	25959936	102109952	40590080
849	83590144	98220032	109910016	43060224	78190080	96200192	25620224	102040064	40160000
850	83170048	97939968	109350144	44549888	77860096	96389888	25260032	101369856	39859968
851	82860032	97610240	109329920	43980032	77409792	96109824	24960000	101189888	39539968
852	82560000	97609984	109029888	43670016	76960000	95820032	24540160	101080064	41220096
853	82159872	97319936	108730112	43379968	76649984	95520000	47310080	100790016	43520000
854	81850112	97070080	108090112	43030016	76339968	94929920	47470080	100620032	48809984
855	81489920	96770048	107699968	42569984	75930112	94620160	48279808	100559872	56489984
856	81179904	97080064	107399936	42269952	75620096	93260032	49830144	99400192	59449856
857	80760064	96579840	107100160	41920000	75149824	92899840	50569984	99190016	59500032
858	80460032	96250112	106919936	53400064	74830080	92390144	50280192	99069952	59259904
859	80120064	95939840	106750208	53039872	74479872	92249856	54519808	98779904	59549952
860	79790080	95649792	106449920	52710144	73949952	91990016	54579968	98669824	59929856
861	79490048	94429952	106149888	53420032	73640192	92130048	54279936	98569984	59640064
862	79069952	94109952	105860096	54380032	73339904	91279872	55600128	98279936	61339904
863	78680064	93809920	105680128	55010048	72879872	90960128	55709952	98109952	61019904
864	78249984	93510144	105690112	56149760	72430080	90670080	55939840	97649920	62889984
865	77939968	93230080	105089792	57740032	72009984	90369792	55920128	97340160	63559936
866	77520128	92769792	104770048	59010048	71510016	90070016	55939840	97160192	63270144
867	77209856	92339968	104489984	62289920	71200000	89070080	56290048	97089792	62940160
868	76879872	92029952	104440064	62149888	70850048	88729856	56770048	96800000	62449920
869	76550144	91859968	104140032	61860096	70509824	88430080	56880128	96640000	62149888
870	76239872	91840000	103849984	61970176	69890048	88160000	59110144	96560128	61710080
871	75909888	91549952	103560192	63069952	69400064	87790080	58870016	96270080	61420032
872	75379968	91249920	103379968	62780160	69079808	87780096	58520064	94919936	61120000
873	74959872	90969856	103269888	62569984	68620032	87459840	58210048	94820096	60720128
874	74639872	90790144	102889984	62119936	68290048	87160064	57880064	94050048	60290048
875	74320128	90259968	102579968	62419968	67990016	86860032	57540096	93859840	59979776
876	73910016	89940224	102400000	62049792	67590144	86850048	57249792	93550080	59680000
877	73490176	89639936	102290176	64379904	67099904	86519808	56950016	93129984	59259904
878	73189888	89359872	101619968	64100096	66779904	86220032	56659968	92900096	58699776
879	72889856	89060096	101380096	65050112	66350080	85949952	56320000	92780032	58390016
880	72550144	88329984	101189888	65709824	66030080	85619968	55790080	92420096	58099968
881	72240128	88039936	101039872	65420032	65689856	85319936	55490048	92250112	57760000
882	71919872	87870208	100989952	64519936	65350144	85159936	57900032	92169984	57289984
883	71590144	87990016	100930048	64140032	61530112	85060096	57600000	91890176	56920064
884	71290112	88219904	100699904	63849984	60950016	84729856	57190144	90990080	56469760
885	70949888	88110080	100389888	63549952	60500224	84529920	56839936	90899968	56160000
886	70670080	86720000	100210176	63119872	60179968	84470016	55889920	90609920	55869952
887	70240000	86200064	100040192	62810112	59779840	84150016	55270144	90390016	55489792
888	69939968	85529856	99389952	62500096	59290112	83840000	54830080	90320128	55010048
889	69650176	85210112	99190016	62039808	58970112	83899904	52539904	90030080	57949952
890	69309952	84859904	98860032	59900160	58679808	83900160	52220160	89859840	57629952
891	69009920	84569856	98190080	59389952	58330112	83610112	51879936	89760000	57179904
892	68710144	84590080	97990144	59030016	57949952	83309824	51419904	89469952	56889856
893	68420096	84290048	97709824	58739968	57629952	81740032	50700032	88329984	56590080
894	68130048	83449856	102170112	58119936	57210112	81380096	50230016	88249856	56260096
895	67699968	83130112	102060032	55229952	56880128	81080064	49649920	85380096	55680000
896	67389952	82830080	101779968	54899968	56450048	80620032	49340160	85180160	55379968
897	67109888	82529792	101580032	54599936	56140032	80019968	48940032	84649984	55079936
898	66810112	82359808	100290048	54089984	55790080	79739904	48599808	84349952	54710016
899	66510080	82810112	100160000	53789952	55480064	79030016	47490048	84140032	54310144
900	66099968	82469888	99990016	53380096	55100160	79069952	46919936	84070144	53839872
901	65789952	82159872	99520000	52859904	54789888	79049984	46609920	83780096	53529856
902	65459968	81870080	99460096	52370176	54449920	78920192	46320128	83609856	53230080
903	64879872	81580032	99280128	52049920	53870080	78779904	45910016	83559936	52849920
904	64470016	81280000	99010048	51649792	52989952	82899968	45609984	82939904	51680000
905	64150016	80329984	98810112	51350016	52569856	82779904	45309952	82759936	51399936
906	63729920	80029952	98619904	51049984	51750144	82820096	44940032	82319872	50949888
907	63289856	79709952	98429952	50749952	51430144	82890240	44630016	82010112	50650112
908	62980096	79410176	97069824	50460160	51119872	82540032	44329984	81840128	49979904
909	62589952	79119872	96829952	50070016	50830080	82690048	43800064	81459968	49659904
910	61920000	78819840	96480000	49760000	50380032	82439936	43489792	81170176	47740160
911	61490176	78500096	96419840	49469952	50060032	82159872	43090176	80839936	47320064
912	60869888	78200064	96349952	49169920	49650176	79860224	42609920	80760064	46860032
913	60369920	77899776	96060160	48780032	49329920	79500032	42289920	80470016	46360064
914	59830016	77740032	95770112	48160000	52059904	79180032	42000128	80300032	45929984
915	52199936	78050048	94829824	47840000	51760128	79639808	41659904	80230144	45619968
916	51869952	77690112	94630144	47549952	51229952	79350016	41369856	79949824	45010176
917	51270144	77399808	94330112	47080192	50779904	79059968	41040128	79360000	44290048
918	49400064	77100032	94039808	46429952	50429952	78769920	40649984	79279872	43520000
919	48989952	76809984	93640192	45839872	49949952	78060032	40339968	78950144	42860032
920	48680192	76509952	93349888	44690176	49639936	77750016	40019968	78780160	42550016
921	48349952	75980032	93900032	44199936	49330176	77379840	39709952	78710016	41609984
922	48039936	75670016	94150144	43840000	49019904	77050112	39419904	78419968	41289984
923	47760128	75389952	94780160	43539968	48609792	76740096	39130112	78249984	40900096
924	47310080	75090176	95229952	43249920	48179968	76259840	38729984	78140160	40589824
925	47010048	74749952	95010048	42949888	47820032	75970048	38159872	77850112	40290048
926	46670080	74550016	94840064	41180160	47079936	75670016	37810176	77679872	39970048
927	46240000	74670080	94489856	40809984	46650112	75369984	37459968	77609984	36149760
928	45829888	73819904	94550016	40499968	46269952	75080192	37019904	77199872	35810048
929	45520128	73230080	93740032	40200192	45769984	74459904	36710144	77019904	35460096
930	45110016	72920064	93260032	39699968	45350144	74139904	36320000	76840192	35159808
931	44669952	72359936	93050112	39399936	45049856	73970176	35990016	76699904	34870016
932	44459776	72060160	93829888	39100160	44609792	74909952	35650048	76630016	34569984
933	44040192	71719936	93639936	40150016	44290048	74619904	35340032	76329984	34109952
934	43639808	71599872	93120000	39849984	44029952	74409984	35120128	76219904	33870080
935	43200000	71650048	93289984	39329792	43750144	74130176	34830080	75949824	33550080
936	42880000	71340032	94439936	38970112	43409920	73819904	34429952	75650048	33250048
937	42249984	71040000	92920064	37920000	43109888	73529856	33949952	75110144	32950016
938	40009984	70739968	92590080	37520128	42800128	73230080	33649920	75009792	32660224
939	39559936	70449920	92290048	36960000	42510080	72940032	33349888	74710016	32329984
940	39119872	70279936	91879936	36649984	42209792	72300032	32920064	74540032	31869952
941	38810112	70140160	91569920	36250112	41870080	71980032	32399872	74480128	31559936
942	38490112	69829888	91210240	35739904	39840000	71209984	32000000	73920000	31260160
943	38179840	70060032	90909952	35429888	39479808	70889984	31699968	73740032	30969856
944	37810176	69920000	90609920	35030016	39170048	70280192	31089920	73670144	30600192
945	37499904	69829888	90260224	34720000	38840064	69949952	30649856	73379840	30290176
946	37169920	69489920	89920000	34419968	38539776	69659904	30210048	73019904	29959936
947	36840192	69220096	91689984	34030080	38200064	69360128	29900032	72950016	29659904
948	36529920	69310208	91400192	33639936	37890048	69040128	30830080	72630016	29370112
949	36229888	68809984	90880000	33329920	37600000	68569856	30539776	72449792	29070080
950	35600128	68480000	90479872	32920064	37299968	68230144	30259968	72399872	28699904
951	35100160	68179968	90179840	32420096	36989952	67920128	29829888	71830016	28410112
952	34629888	67889920	89880064	32119808	36569856	67619840	29379840	71650048	28110080
953	34019840	67599872	89580032	31730176	36270080	65990144	29080064	71500032	27809792
954	33710080	67270144	89200128	31330048	35970048	65299968	28620032	70810112	27480064
955	33319936	67100160	88890112	31020032	35670016	64979968	28119808	70579968	26959872
956	33010176	67179776	88600064	30700032	35340032	64690176	27820032	70510080	26649856
957	32710144	66889984	88299776	27000064	35040000	64110080	27490048	70220032	26350080
958	32140032	66439936	88000000	26649856	34729984	63559936	27059968	70060032	26020096
959	31019776	66099968	87589888	26370048	34430208	62889984	26670080	69590016	25729792
960	30520064	65799936	85079808	25870080	34149888	62579968	26329856	69280000	25400064
961	30009856	65639936	84740096	25559808	33809920	62239744	26029824	68339968	25070080
962	29659904	65639936	84339968	25120000	33360128	61939968	25730048	68249856	24759808
963	29360128	65350144	84029952	24620032	32950016	61649920	25309952	66130176	24470016
964	29009920	64849920	83740160	24320000	32579840	61120000	25009920	65840128	24179968
965	27529984	64539904	83439872	23820032	32270080	60800000	24710144	64219904	23889920
966	27820032	64339968	82999808	23510016	31970048	60470016	24260096	65199872	23300096
967	27320064	64320000	82700032	22989824	31629824	60129792	23959808	65030144	22980096
968	26729984	62960128	82409984	22460160	31170048	59820032	23660032	64950016	22689792
969	26180096	62639872	82089984	22030080	30850048	59510016	23360000	64780032	22390016
970	25829888	62469888	81740032	21600000	30509824	58660096	23069952	64640000	22490112
971	25529856	62339840	81440000	21280000	30170112	58330112	22770176	64219904	22200064
972	25230080	62259968	80110080	20790016	29689856	58030080	22479872	62950144	21910016
973	24930048	61820160	79790080	20480000	29359872	57739776	23190016	62789888	21609984
974	24509952	61449984	79500032	20180224	28930048	57440000	22750208	60489984	22349824
975	24210176	61239808	79269888	19780096	28489984	57149952	22439936	60300032	22060032
976	23909888	61129984	78870016	19299840	28179968	55920128	22139904	60190208	21509888
977	24430080	60849920	77629952	18989824	27880192	55399936	21790208	59889920	21210112
978	24119808	60630016	77250048	18589952	27449856	55540224	21319936	59729920	20910080
979	23830016	60499968	76939776	18070016	27009792	54919936	21009920	59660032	20610048
980	23490048	60359936	76640000	17750016	26700032	54269952	20550144	59340032	20329984
981	23190016	60209920	76359936	17400064	26400000	53900032	20240128	59160064	20029952
982	22899968	60400128	76059904	17039872	25979904	53560064	19909888	59099904	19699968
983	22599936	60359936	75710208	16659968	25660160	53260032	19570176	58799872	19290112
984	22169856	60069888	75360000	15889920	25329920	52960000	19049984	58629888	18950144
985	21870080	58650112	75069952	16009984	24939776	52659968	18560000	58129920	18510080
986	21580032	58430208	74780160	15560192	24640000	52359936	18249984	57820160	17839872
987	21239808	58289920	74479872	15249920	24329984	52040192	17860096	57660160	17370112
988	20940032	57479936	73829888	14459904	23990016	51859968	17430016	57600000	17039872
989	20610048	56999936	73510144	14120192	24119808	52089856	17130240	57280000	16480256
990	20320000	56669952	72920064	13459968	23820032	51800064	16839936	57110016	16169984
991	19890176	56529920	71379968	13129984	23440128	51490048	16339968	57030144	15840000
992	19579904	55559936	71080192	12670208	23129856	51179776	16019968	56729856	15549952
993	19289856	55430144	70700032	12270080	22830080	50840064	15620096	56569856	15249920
994	18970112	54019840	70409984	11949824	22530048	50339840	15239936	56499968	14799872
995	18530048	53860096	70110208	11560192	22080000	50029824	14830080	56199936	14489856
996	18209792	53559808	69809920	11020032	21760000	49730048	14400000	56039936	14200064
997	17910016	53230080	69509888	10710016	21459968	49440000	14070016	55160064	13910016
998	17619968	53100032	68930048	10310144	21159936	49149952	13760000	54869760	13609984
999	17319936	51289856	68270080	9819904	20710144	48819968	13459968	54569984	13309952
									
									
									
