1_num	2_andr_10KHz_time_nanosec	3_andr_100KHz_time_nanosec	4_andr_1000KHz_time_nanosec	5_disc_10KHz_time_nanosec	6_disc_100KHz_time_nanosec	7_disc_1000KHz_time_nanosec	8_ram_10KHz_time_nanosec	9_two_10KHz_time_nanosec	10_two_100KHz_time_nanosec	11_two_1000KHz_time_nanosec
0	inf	2459904	inf	5539840	4860160	2390016	6599936	10729984	3140096	2850048
1	inf	4930048	inf	5480192	5440000	5430016	7980032	14650112	5960192	3939840
2	inf	9049856	inf	5580032	6500096	7879936	7820032	14739968	6469888	6109952
3	inf	11699968	inf	5200128	7420160	7620096	10860032	14800128	6599936	6109952
4	inf	20019968	inf	4989952	7280128	7789824	11760128	14830080	6710016	5829888
5	inf	32620032	inf	4750080	6989824	7500032	13870080	14899968	6899968	5530112
6	inf	32119808	inf	5970176	8310016	6959872	14569984	14940160	7230208	5530112
7	inf	31709952	inf	6070016	10360064	6840064	14259968	14990080	7549952	5459968
8	inf	36009984	inf	6249984	10060032	6720000	14149888	15049984	7600128	5139968
9	inf	36090112	inf	6180096	9720064	8089856	13840128	15100160	7439872	5449984
10	inf	35820032	inf	6500096	9379840	8259840	18560000	15150080	7660032	5189888
11	inf	35479808	inf	6820096	10629888	7950080	18260224	15200000	7640064	5110016
12	inf	35259904	inf	7320064	10320128	7660032	24760064	15330048	7869952	5010176
13	inf	34980096	inf	7759872	9649920	9220096	28870144	15480064	7880192	5400064
14	inf	34469888	inf	7010048	9350144	10639872	28670208	15470080	8249856	5680128
15	inf	34169856	inf	5550080	8839936	10140160	29159936	15560192	8400128	7240192
16	inf	33890048	inf	5229824	8800000	10529792	35490048	15590144	9809920	7509760
17	inf	33850112	inf	5339904	8460032	10240000	35650048	15600128	11389952	8179968
18	inf	33569792	inf	4780032	7929856	9939968	35859968	15709952	12899840	10749952
19	inf	33280000	inf	4150016	7630080	11890176	37939968	15740160	13609984	10589952
20	inf	32989952	inf	3389952	8940032	11699968	38000128	15760128	14609920	12160000
21	inf	32969984	inf	2899968	9309952	12370176	39689984	15900160	19840000	12300032
22	inf	32649984	inf	1070080	9500160	10350080	39379968	15930112	20839936	13240064
23	inf	32359936	inf	1609984	12070144	12259840	38690048	16009984	22320128	13450240
24	inf	32079872	inf	1839872	12710144	13430016	38359808	16019968	25639936	13609984
25	inf	31790080	inf	1769984	12269824	13139968	38040064	16100096	28040192	13860096
26	inf	32229888	inf	1870080	11940096	12069888	37730048	16130048	29110016	14050048
27	inf	35640064	inf	1760000	16229888	11750144	37849856	16210176	30550016	14210048
28	inf	40180224	inf	1679872	15859968	11460096	37839872	15529984	32640000	14419968
29	inf	42179840	inf	1980160	18519808	11160064	37520128	16780032	33390080	16090112
30	inf	42949888	inf	2439936	21479936	10840064	37210112	16649984	33619968	16440064
31	inf	42620160	inf	2390016	21149952	10269952	42170112	16499968	33880064	16700160
32	inf	43809792	inf	2469888	20780032	10950144	43309824	16480000	34140160	18319872
33	inf	46919936	inf	2169856	20480000	10660096	44940032	16399872	35029760	19739904
34	inf	48100096	inf	2289920	19470080	10440192	44630016	16430080	34900224	20470016
35	inf	48130048	inf	1669888	19170048	14380032	44129792	16339968	34919936	20849920
36	inf	47849984	inf	1369856	19369984	13590016	43980032	16239872	34860032	21499904
37	inf	47579904	inf	1159936	19050240	13280000	44590080	16150016	34880000	22969856
38	inf	48189952	inf	1479936	18550016	13019904	45849856	16150016	34919936	24470016
39	inf	47879936	inf	1789952	20339968	12780032	48879872	16049920	34939904	25779968
40	inf	47600128	inf	1879808	20970240	12489984	52940032	16000000	34850048	26010112
41	inf	47330048	inf	1669888	20699904	12200192	52369920	15879936	34840064	26200064
42	inf	49689856	inf	1990144	20349952	11249920	57670144	17080064	35099904	26189824
43	inf	52620032	inf	1520128	20539904	10520064	56790016	17050112	36239872	25910016
44	inf	53490176	inf	1750016	20790016	11459840	58840064	17009920	37530112	25539840
45	inf	53220096	inf	1730048	21329920	13379840	58520064	16890112	37679872	25380096
46	inf	52939776	inf	2210048	22310144	13100032	58209792	16829952	38310144	25270016
47	inf	52999936	inf	2020096	23689984	12809984	57890048	16739840	38269952	25150208
48	inf	52730112	inf	2020096	23399936	12520192	57740032	16509952	38170112	25669888
49	inf	52930048	inf	1929984	22880000	12000000	61500160	16019968	38199808	25690112
50	inf	54230016	inf	1669888	23810048	11670016	61190144	15389952	38150144	25489920
51	inf	54040064	inf	1710080	24209920	10200064	62279936	14790144	38169856	25270016
52	inf	55350016	inf	1760000	23869952	9009920	61920000	14249984	38449920	26490112
53	inf	56719872	inf	2330112	25359872	8880128	66710016	13720064	39569920	26640128
54	inf	56890112	inf	2640128	25030144	13100032	68360192	13120000	39540224	26720000
55	inf	56880128	inf	2749952	24749824	13010176	68039936	13370112	39579904	27249920
56	inf	56589824	inf	2579968	24450048	13280000	68209920	12879872	39579904	27190016
57	inf	55990016	inf	2400000	24169984	15589888	67830016	12339968	39610112	26939904
58	inf	55689984	inf	2030080	24380160	15500032	69070080	11830016	39640064	26639872
59	inf	55400192	inf	1890048	25159936	15510016	72430080	11170048	39659776	26450176
60	inf	55230208	inf	2190080	24879872	15230208	74660096	10579968	39670016	26370048
61	inf	55599872	inf	2159872	24600064	14939904	79330048	10060032	39689984	26109952
62	inf	58829824	inf	2039808	24310016	15929856	81779968	10299904	39709952	25769984
63	inf	59209984	inf	2290176	23660032	16679936	82240000	9790208	39730176	25580032
64	inf	58949888	inf	2150144	25539840	16880128	86470144	9230080	39819776	27589888
65	inf	58670080	inf	1939968	28859904	15810048	88670208	8659968	39830016	30340096
66	inf	58540032	inf	1879808	34089984	15510016	93469952	8059904	39859968	30240000
67	inf	58269952	inf	1839872	33830144	15219968	99200000	7559936	40189952	30119936
68	inf	57989888	inf	2189824	33549824	14680064	98889984	6960128	42889984	30470144
69	inf	58680064	inf	2459904	33270016	14379776	98569984	6829824	42789888	30430208
70	inf	58940160	inf	3079936	34500096	17679872	100130048	6259968	42769920	30360064
71	inf	58659840	inf	3340032	33979904	19500032	99819776	5699840	42769920	30510080
72	inf	58769920	inf	3700224	33679872	19650048	99510016	5380096	42800128	31699968
73	inf	58439936	inf	3560192	33350144	19259904	99190016	4819968	42729984	31620096
74	inf	58150144	inf	3360000	33060096	18950144	102940160	4290048	42709760	31309824
75	inf	57870080	inf	4169984	32770048	19919872	102630144	4049920	42710016	31190016
76	inf	57580032	inf	3929856	32480000	19619840	104310016	3520000	42739968	30880000
77	inf	57260032	inf	3840000	32199936	19320064	103990016	3230208	42810112	30870016
78	inf	56969984	inf	3170048	31910144	19030016	104240128	2660096	42710016	30779904
79	inf	56680192	inf	2810112	31589888	18740224	103880192	2370048	42679808	30690048
80	inf	56450048	inf	2690048	31249920	18449920	103769856	1960192	42690048	31049984
81	inf	56310016	inf	2960128	30140160	18159872	103460096	1609984	42700032	30970112
82	inf	56020224	inf	2469888	29849856	17840128	104009984	1440000	42750208	31559936
83	inf	56349952	inf	2089984	29530112	17539840	107859968	1359872	42829824	31589888
84	inf	57019904	inf	1719808	29209856	17239808	107910144	1349888	42850048	31680000
85	inf	57680128	inf	1760000	28880128	15830016	108960000	1349888	42870016	31390208
86	inf	57950208	inf	1440000	30889984	15510016	108610048	1390080	42889984	31139840
87	inf	58220032	inf	1389824	30360064	15220224	108290048	1390080	42920192	30800128
88	inf	59369984	inf	1139968	30840064	14919936	107630080	1370112	42820096	30500096
89	inf	62860032	inf	1159936	29869824	20770048	107299840	2390016	42850048	30339840
90	inf	66350080	inf	940032	29320192	20480000	106810112	1910016	42820096	30240000
91	inf	70700032	inf	1720064	29129984	21510144	106589952	1659904	42820096	32470016
92	inf	70429952	inf	1609984	28839936	20329984	110190080	1440000	42840064	32899840
93	inf	69819904	inf	2280192	28359936	20010240	109880064	1330176	42860032	33349888
94	inf	69490176	inf	2969856	28030208	19709952	112889856	1340160	42889984	33440000
95	inf	69209856	inf	2820096	27680000	19840000	112549888	1339904	42919936	33660160
96	inf	70070016	inf	2740224	32059904	20200192	112220160	1420032	42830080	34969856
97	inf	69789952	inf	2520064	31790080	18789888	111900160	1369856	42820096	35100160
98	inf	69930240	inf	2360064	33359872	18470144	111069952	1359872	42769920	35279872
99	inf	69659904	inf	3010048	33070080	19650048	110729984	1390080	42810112	37149952
100	inf	69369856	inf	3249920	32400128	19280128	110960128	1350144	43069952	38599936
101	inf	69110016	inf	3170048	32069888	18929920	110649856	1330176	46539776	39350016
102	inf	68829952	inf	3129856	31740160	18629888	110329856	1360128	46380032	39250176
103	inf	68440064	inf	3250176	31249920	18340096	110020096	1339904	46200064	40330240
104	inf	67609856	inf	3250176	30939904	18050048	109660160	1339904	46089984	41430016
105	inf	65490176	inf	3079936	30180096	17689856	109339904	1379840	45809920	42820096
106	inf	65189888	inf	3249920	31059968	27980032	108150016	1339904	45549824	44519936
107	inf	64640000	inf	3119872	30760192	29050112	107799808	1339904	45299968	45570048
108	inf	64349952	inf	3259904	30470144	30230016	109049856	1339904	45210112	47059968
109	inf	64069888	inf	2899968	30189824	29959936	109570048	1410048	45059840	47239936
110	inf	63740160	inf	2539776	29949952	29640192	110020096	1359872	44940032	47450112
111	inf	63459840	inf	2190080	30119936	29380096	113379840	1379840	44790016	49489920
112	inf	63170048	inf	2099968	31400192	28910080	118759936	1509888	44579840	51090176
113	inf	62889984	inf	1449984	30520064	28610048	117820160	1219840	44320000	52070144
114	inf	62609920	inf	1440000	30179840	28850176	118589952	1100032	44109824	52719872
115	inf	62760192	inf	1059840	29880064	28539904	118209792	1100032	43929856	52829952
116	inf	62480128	inf	1190144	29710080	30329856	117890048	1100032	43560192	54230016
117	inf	61989888	inf	1319936	31190016	31590144	117570048	1110016	43280128	55209984
118	inf	61700096	inf	2009856	31289856	31279872	118979840	1080064	42820096	56679936
119	inf	61420032	inf	1849856	32009984	30979840	122050048	1090048	42309888	56850176
120	inf	61070080	inf	1460224	32029952	30690048	122540032	1090048	42050048	57090048
121	inf	61350144	inf	1529856	33319936	30400000	125550080	1090048	41949952	57999872
122	inf	62170112	inf	1139968	42180096	30080000	125430016	1110016	41660160	58360064
123	inf	61899776	inf	960000	41790208	29779968	125949952	1110016	41390080	59749888
124	inf	61629952	inf	2190080	40969984	29489920	127509760	1120000	41120000	61210112
125	inf	60619776	inf	2300160	40529920	29160192	129819904	1090048	40809984	61039872
126	inf	60290048	inf	2629888	40240128	29029888	135000064	1100032	40529920	63020032
127	inf	59369984	inf	2819840	39950080	30380032	138430208	1090048	40270080	63139840
128	inf	59070208	inf	2850048	40019968	30289920	138360064	1139968	40019968	64349952
129	inf	58690048	inf	2409984	39459840	31940096	138459904	1159936	39759872	64569856
130	inf	58309888	inf	2210048	39090176	33569792	138810112	1159936	39360000	64730112
131	inf	57949952	inf	1740032	38769920	36659968	138500096	1100032	39159808	66060032
132	inf	57449984	inf	1550080	38390016	36089856	139039744	1090048	38970112	65980160
133	inf	57009920	inf	1210112	40489984	38080000	138739968	1090048	38700032	65789952
134	inf	55949824	inf	1299968	40420096	38560000	144969984	1129984	38510080	65760000
135	inf	56069888	inf	2040064	41499904	38470144	144790016	1090048	38299904	65349888
136	inf	56199936	inf	2230016	41600000	40089856	146319872	1090048	38119936	65030144
137	inf	59409920	inf	2339840	41420032	40140032	145800192	1080064	37819904	65020160
138	inf	62439936	inf	2749952	40579840	44509952	145469952	1090048	37349888	65299968
139	inf	65650176	inf	2860032	40230144	44259840	146710016	1089792	37029888	65240064
140	inf	67130112	inf	3219968	38500096	43990016	147660032	1150208	36809984	65090048
141	inf	66860032	inf	3350016	37900032	43750144	150299904	1100032	36640256	65060096
142	inf	66560000	inf	3429888	37600000	43020032	149609984	1080064	36140032	65530112
143	inf	66240000	inf	3520000	37309952	42699776	151980032	1129984	35919872	65669888
144	inf	65920000	inf	3739904	37029888	42409984	157600000	1090048	37080064	65490176
145	inf	65459968	inf	3790080	36700160	42139904	162200064	1069824	36819968	66629888
146	inf	66610176	inf	3520000	36359936	41870080	161890048	1129984	36430080	66630144
147	inf	68080128	inf	3130112	35750144	41790208	168440064	1079808	36209920	67759872
148	inf	68520192	inf	2550016	34789888	41929984	167909888	1099776	35980032	69120000
149	inf	68229888	inf	2339840	33999872	41639936	167730176	1080064	35869952	69629952
150	inf	67559936	inf	1750016	33670144	41750016	167729920	1240064	35369984	70779904
151	inf	66960128	inf	699904	33380096	42089984	167419904	1070080	35049984	71040000
152	inf	66609920	inf	940032	33059840	41799936	167099904	770048	34739968	73009920
153	inf	66330112	inf	1499904	32770048	42080000	167970048	749824	34439936	74430208
154	inf	66449920	inf	1910016	32489984	41799936	171389952	759808	33910016	75840000
155	inf	66179840	inf	2269952	32160256	41510144	171279872	729856	33619968	76519936
156	inf	65670144	inf	2329856	31849984	39490048	171180032	749824	33330176	77349888
157	inf	65379840	inf	2120192	31569920	39139840	170710016	739840	33030144	78119936
158	inf	64930048	inf	1989888	31240192	38590208	173009920	749824	32790016	79219968
159	inf	65659904	inf	1569792	30909952	38240000	180699904	740096	32620032	79250176
160	inf	66129920	inf	1530112	30619904	41760000	181309952	760064	32179968	80039936
161	inf	68059904	inf	1049856	30330112	41639936	185050112	740096	31830016	82330112
162	inf	68549888	inf	1199872	29839872	43000064	184780032	750080	31680000	84710144
163	inf	69440000	inf	1299968	29509888	42720000	184429824	740096	31290112	84909824
164	inf	78080000	inf	1979904	29210112	42420224	184679936	740096	31089920	84800000
165	inf	89019904	inf	1810176	28869888	42129920	184369920	750080	30980096	84790016
166	inf	88250112	inf	1360128	28049920	41549824	184050176	760064	30710016	84499968
167	inf	87749888	inf	1060096	28050176	41280000	183719936	750080	30530048	84339968
168	inf	87240192	inf	4780032	27170048	41019904	183399936	740096	30200064	84230144
169	inf	86949888	inf	4910080	26779904	42360064	182840064	809984	29739776	84229888
170	4600064	86629888	inf	4770048	26470144	43489792	182519808	790016	29440000	83959808
171	5730048	86320128	inf	5090048	26080000	43800064	182200064	750080	29219840	83620096
172	27949824	90560000	inf	5029888	25769984	46589952	181900032	730112	28819968	83459840
173	41929984	93569792	inf	2990080	25459968	45760000	181530112	740096	28639744	83110144
174	41670144	94830080	inf	2820096	25139968	45449984	181979904	740096	28220160	84189952
175	45820160	96869888	inf	2710016	24229888	45149952	181850112	759808	29910016	84890112
176	50539776	105540096	inf	1639936	23780096	44860160	181799936	790016	29969920	85679872
177	52360192	106640128	inf	1019904	22959872	44579840	181520128	749824	29600000	85779968
178	52230144	106350080	inf	1159936	22500096	44499968	182819840	740096	29219840	85800192
179	51949824	105900032	inf	1240064	22559744	46870016	182470144	779776	28839936	85509888
180	51670016	104480000	inf	1309952	22590208	46599936	182140160	739840	28470016	85449984
181	53129984	103869952	inf	1170176	22309888	46310144	183789824	739840	27889920	85190144
182	57859840	103569920	inf	4489984	24760064	46020096	185479936	749824	27499776	86159872
183	59599872	103240192	inf	4450048	24349952	45419776	185169920	749824	27120128	86810112
184	59609856	102970112	inf	4290048	23869952	45120000	184559872	739840	26700032	87639808
185	59330048	102659840	inf	4480000	23580160	44809984	184410112	739840	26439936	88669952
186	71449856	102320128	inf	4890112	22979840	43240192	185710080	749824	26069760	89340160
187	71170048	102039808	inf	5280000	23279872	42880000	187659776	729856	27149824	89779968
188	73449984	101760000	inf	5710080	25079808	42589952	189250048	729856	27009792	90919936
189	73650176	101900032	inf	6139904	25769984	43830016	192630016	749824	26950144	91310080
190	74660096	101379840	inf	6299904	25580032	43159808	192070144	780032	26729984	91450112
191	90080000	101149952	inf	6129920	25609984	43130112	197100032	770048	27049984	91399936
192	89859840	100670208	inf	5810176	25340160	42820096	198450176	730112	27430144	91120128
193	91269888	100950016	inf	5320192	25810176	42540032	198129920	780032	28199936	90970112
194	90960128	98940160	inf	5360128	25580032	42279936	199419904	739840	29349888	90850048
195	90670080	98380032	inf	4910080	25389824	44860160	200029952	749824	29199872	93059840
196	90400000	98049792	inf	4749824	29039872	46330112	199720192	729856	29250048	94490112
197	90230016	97510144	inf	4439808	28760064	46139904	199539968	819968	29060096	95150080
198	92450048	97179904	inf	3860224	28480000	50510080	201550080	750080	29020160	95270144
199	97030144	97100032	inf	3130112	28060160	50240000	203090176	740096	29949952	95909888
200	96770048	96930048	inf	1619968	27559936	49750016	203249920	750080	34949888	97329920
201	97649920	96389888	inf	3529984	27209984	49469952	208749824	749824	36519936	98770176
202	100979968	106030080	inf	2819840	26760192	49179904	211099904	729856	38149888	99510016
203	100670208	105719808	inf	2800128	26310144	48900096	215290112	739840	39000064	100310016
204	101309952	105280000	inf	2520064	25869824	48679936	214949888	739840	40529920	101040128
205	101539840	106649856	inf	2230016	25520128	48409856	214799872	779776	45769984	102090240
206	101710080	107510016	inf	2109952	25220096	48090112	215680000	739840	46700032	102579968
207	101430016	107539968	inf	1639936	24859904	47820032	215510016	749824	48189952	102540032
208	101980160	107899904	inf	829952	24519936	47490048	217249792	739840	51369984	102620160
209	105719808	108110080	inf	800000	23749888	46700032	216940032	729856	53200128	102919936
210	105449984	108110080	inf	800000	23060224	46400000	216590080	739840	54929920	104879872
211	107450112	108249856	inf	1129984	20560128	46060032	216270080	760064	54669824	106749952
212	109319936	107980032	inf	1289984	20150016	45769984	216130048	730112	54329856	107840000
213	109040128	107709952	inf	1300224	19860224	45469952	219259904	740096	53870080	108499968
214	110629888	107370240	inf	1750016	19409920	44809984	221149952	730112	54739968	109410048
215	110359808	107079936	inf	1860096	18989824	44480000	226350080	750080	56610048	110419968
216	110429952	106809856	inf	1479936	16690176	43559936	227960064	730112	57220096	111560192
217	110160128	106490112	inf	1139968	16320000	43249920	233880064	790016	57240064	111539968
218	109870080	106210048	inf	1060096	15219968	43980032	233410048	750080	57580032	112809984
219	109589760	105929984	inf	1159936	14749952	43729920	233090048	740096	58579968	112880128
220	109309952	105619968	inf	1210112	20860160	46180096	232960000	740096	59480064	114910208
221	109029888	105310208	inf	839936	20529920	45900032	232679936	750080	59869952	116389888
222	108679936	104979968	inf	1350144	20669952	45609984	234970112	770048	60649984	117799936
223	116630016	104630016	inf	1370112	20719872	44960000	234560000	730112	61129984	118440192
224	116359936	104070144	inf	1280000	20270080	48829952	237179904	750080	61050112	119279872
225	116610048	103459840	inf	3389952	19079936	48539904	238759936	750080	60910080	121139968
226	116340224	103159808	inf	3209984	18670080	49050112	240369920	740096	60570112	121850112
227	120470016	104000000	inf	3280128	18210048	49910016	240290048	750080	60249856	122210048
228	120199936	104780032	inf	3140096	17900032	51990016	247020032	759808	59909888	122259968
229	119920128	104460032	inf	3360000	17609984	53260032	247419904	729856	59560192	122660096
230	122470144	104940032	inf	3820032	17240064	55559936	248760064	790016	59260160	124509952
231	122169856	103129856	inf	4169984	16950016	57070080	250020096	749824	58309888	125910016
232	123449856	102830080	inf	4550144	16640000	56929792	250630144	780032	58149888	126560000
233	125299968	102589952	inf	4090112	16090112	57379840	250520064	780032	58669824	127409920
234	125020160	102870016	inf	3040000	15769856	60160000	253529856	900096	59409920	128140032
235	124770048	101390080	inf	2710016	15219968	59470080	254210048	790016	59520000	129210112
236	126029824	100559872	inf	2700032	15180032	59089920	255369984	749824	59419904	129129984
237	125829888	99970048	inf	2309888	15209984	57060096	255570176	769792	58750208	130129920
238	125550080	98140160	inf	1349888	16360192	60120064	258799872	749824	58710016	130070016
239	125280000	98739968	inf	840192	16069888	63120128	259330048	739840	59459840	130889984
240	124990208	98279936	inf	3169792	15729920	64359936	259889920	770048	59380224	131640064
241	146889984	98000128	inf	3340032	15290112	65449984	259580160	740096	59089920	131969792
242	146619904	97720064	inf	3649792	14889984	65219840	259470080	740096	58830080	131830016
243	146350080	97440000	inf	3479808	14490112	64950016	260749824	750080	60040192	131770112
244	146099968	97820160	inf	3609856	13990144	64659968	262319872	740096	61159936	131470080
245	146240000	98700032	inf	3569920	15840000	64400128	263340032	740096	62019840	131429888
246	145979904	98439936	inf	3270144	15399936	65270016	265179904	800000	61969920	131439872
247	145709824	98160128	inf	2959872	15049984	64489984	269179904	740096	62190080	131110144
248	145110016	98099968	inf	2529792	14729984	64179968	271050240	770048	61929984	130810112
249	145149952	97629952	inf	1769984	14110208	63889920	278279936	739840	61379840	130659840
250	151160064	97280000	inf	1179904	13670144	62639872	278370048	730112	60979968	130920192
251	150880000	96969984	inf	1239808	13369856	62330112	278230016	740096	60730112	130759936
252	150600192	96680192	inf	1289984	13040128	62030080	281200128	770048	60540160	130680064
253	150329856	96399872	inf	1120000	12610048	61730048	283350016	750080	60260096	130369792
254	150469888	96119808	inf	1299968	12320000	63859968	283300096	750080	60049920	130210048
255	151480064	95830016	inf	1159936	11990016	63159808	285070080	740096	59859968	130080000
256	151209984	95910144	inf	1600000	11579904	62840064	285349888	730112	59849984	130049792
257	150930176	95630080	inf	1979904	11170048	62550016	285720064	740096	59880192	130119936
258	152470016	94899968	inf	2190080	10710016	62029824	289920000	760064	62259968	129839872
259	154319872	94609920	inf	2370048	9969920	61149952	290400000	760064	62700032	129530112
260	154000128	94329856	inf	2510080	9480192	61120000	292400128	739840	63689984	129199872
261	157719808	94020096	inf	2379776	8369920	60859904	292599808	729856	65280000	128899840
262	157529856	93740032	inf	1689856	7959808	60570112	296069888	759808	66920192	128800000
263	157250048	93370112	inf	1699840	11200000	61270016	297080064	729856	67420160	128840192
264	158510080	92979968	inf	1390080	11320064	61179904	296589824	759808	67520000	128549888
265	158230016	92969984	inf	1509888	11689984	61230080	296219904	739840	67360000	128219904
266	158309888	92370176	inf	2119936	17209856	61560064	296140032	739840	67200000	127880192
267	158040064	92120064	inf	2109952	17159936	63340032	299849984	760064	69050112	127719936
268	158060032	91229952	inf	2300160	16930048	64300032	302650112	750080	70510080	130099968
269	157870080	90949888	inf	2089984	17890048	63180032	302510080	760064	72079872	130729984
270	173330176	90640128	inf	1849856	18349824	64420096	302390016	750080	75790080	132230144
271	175219968	90349824	inf	1509888	20249856	64359936	302060032	730112	77370112	132920064
272	174959872	90020096	inf	1410048	24819968	64950016	304960000	740096	79670016	133250048
273	174720000	89740032	inf	1010176	24429824	64679936	304829952	740096	80790016	133679872
274	174419968	89380096	inf	1209856	23970048	63049984	304659968	800000	81520128	134499840
275	175979776	89070080	inf	1110016	22050048	62749952	304209920	750080	82470144	135310080
276	175709952	88790016	inf	1149952	24320000	62470144	304160000	740096	83400192	135410176
277	175429888	88470016	inf	1519872	25700096	62169856	303759872	770048	84189952	135629824
278	175150080	88009984	inf	1560064	25790208	61540096	303950080	740096	84109824	137519872
279	174889984	87580160	inf	1630208	25489920	60790016	303859968	780032	88659968	138960128
280	174619904	86839808	inf	1590016	25190144	60449792	303529984	750080	89670144	141859840
281	174339840	86130176	inf	1449984	24860160	65499904	304060160	739840	90899968	142970112
282	174060032	86860032	inf	1740032	25270016	66980096	303889920	770048	91010048	144420096
283	173789952	87260160	inf	2530048	25280000	66699776	304000000	769792	90850048	147720192
284	173510144	86919936	inf	2880000	26340096	66409984	303650048	749824	90680064	150800128
285	173230080	86729984	inf	3340032	28759808	66119936	303299840	729856	90510080	152039936
286	172969984	84640000	inf	4009984	28359936	65580032	323059968	729856	90220032	153449984
287	172669952	84349952	inf	4649984	27949824	65280000	322889984	770048	89959936	154919936
288	172869888	84349952	inf	5280000	28140032	64979968	322749952	770048	89769984	155780096
289	172590080	84780032	inf	4829952	28900096	64649984	323069952	780032	89590016	155700224
290	172299776	84470016	inf	4440064	29339904	63879936	322990080	740096	90390016	155589888
291	172019968	84890112	inf	5559808	29129984	63520000	323500032	740096	90220032	157129984
292	171859968	84600064	inf	6009856	29250048	63229952	323390208	740096	90060032	157040128
293	171689984	85090048	inf	5799936	30920192	62939904	323449856	740096	89880064	157469952
294	171360000	84809984	inf	6670080	30649856	62640128	323849984	780032	89760000	158609920
295	171059968	84500224	inf	6380032	31170048	62320128	323720192	750080	89609984	162630144
296	170770176	84229888	inf	6210048	30810112	62309888	323689984	759808	89429760	163790080
297	170880000	83889920	inf	6649856	31120128	62080000	323599872	739840	89289984	166099968
298	170599936	83460096	inf	5839872	30690048	61809920	323429888	759808	89120000	167520000
299	170349824	83470080	inf	5859840	30310144	64329984	323250176	729856	88969984	168219904
300	170010112	87059968	inf	5570048	29890048	63200000	322899968	739840	88800000	168209920
301	171179776	86770176	inf	4989952	29509888	64509952	322630144	750080	88579840	168540160
302	170909952	86370048	inf	4449792	29040128	63820032	322489856	729856	88320000	169259776
303	170629888	86129920	inf	4370176	28610048	63510016	322190080	750080	88070144	170700032
304	170419968	87750144	inf	4440064	27989760	63219968	322129920	740096	87890176	171810048
305	170130176	87429888	inf	3699968	27640064	65440000	321799936	740096	87749888	172470016
306	171769856	87059968	inf	2870016	27310080	66180096	321430016	750080	87469824	172470016
307	171849984	86780160	inf	2530048	27809792	65829888	321069824	740096	87229952	172829952
308	171569920	86429952	inf	1510144	28489984	65530112	320730112	750080	87100160	172930048
309	172440064	86080000	inf	2550016	28369920	64509952	320510208	770048	86929920	174099968
310	172510208	83899904	inf	2899968	28659968	64470016	320389888	740096	86759936	175440128
311	172229888	83560192	inf	3609856	28450048	64190208	319920128	770048	86469888	176540160
312	173129984	83269888	inf	3810048	28470016	63969792	320179968	750080	86220032	177189888
313	172859904	84369920	3499776	3909888	28150016	66560000	320050176	769792	86169856	177340160
314	172329984	84670208	6330112	4140032	27860224	66249984	319939840	739840	86230016	177329920
315	175020032	84329984	9529856	4109824	25740032	65950208	319369984	759808	86060032	178419968
316	174729984	83919872	17169920	4300032	25379840	65649920	319030016	759808	85880064	179549952
317	176539904	84450048	24110080	4270080	25080064	65369856	318880000	749824	85870080	180209920
318	176480000	85370112	23800064	4489984	32000000	65070080	318540032	749824	87140096	180539904
319	175260160	85099776	24300032	4389888	31709952	64780032	318200064	729856	87189760	180460032
320	175020032	84819968	24009984	4519936	31430144	64179968	318009856	739840	88489984	182389760
321	174739968	88669952	23729920	4150016	31139840	63890176	318550016	749824	89189888	183820032
322	175699968	91470080	23440128	3729920	30280192	63459840	318370048	739840	89740032	186749952
323	175410176	92419840	23300096	3670016	29799936	63120128	319130112	749824	89740032	188189952
324	175010048	93149952	33240064	3610112	29319936	62830080	319020032	740096	89889792	190259968
325	185200128	92889856	33939968	3340032	29020160	62299904	318629888	739840	89730048	190450176
326	184929792	92570112	33649920	3330048	28699904	62000128	318220032	760064	89560064	190369792
327	184640000	92390144	45169920	2749952	27979776	61699840	317980160	740096	89210112	190360064
328	187280128	92899840	49360128	2620160	28270080	61410048	318019840	750080	88960000	190060032
329	187350016	92630016	54019840	2560000	27990016	61110016	317679872	790016	88760064	190020096
330	187069952	92770048	54459904	2889984	27660032	60819968	317070080	730112	90779904	189729792
331	188259840	92930048	53940224	2469888	27249920	60290048	315830016	740096	92269824	189649920
332	188009984	92649984	53659904	4790016	26649856	59990016	315200000	750080	94169856	189270016
333	194919936	92369920	54459904	3399936	26259968	59660032	315010048	740096	94339840	189100032
334	194650112	92099840	54180096	3440128	25839872	59369984	314669824	760064	94240000	189790208
335	194720000	91820032	54670080	3490048	25339904	58820096	314700032	790016	93959936	191639808
336	194409984	91539968	55529984	3649792	24999936	58550016	312840192	759808	93769984	193040128
337	194180096	91290112	62589952	3889920	24699904	58279936	312249856	739840	95000064	193730048
338	194569984	90509824	63560192	4190208	24379904	59680000	312070144	749824	95030016	194539776
339	196410112	90129920	63259904	4259840	35049984	59539968	311449856	739840	96000000	195319808
340	204009984	91120128	62750208	2030080	34610176	61229824	311389952	759808	95919872	196270080
341	213819904	91350016	62449920	1959936	34299904	60830208	311070208	740096	97049856	200269824
342	213890048	90950144	63310080	1689856	32339968	61459968	310629888	740096	97200128	201289984
343	213619968	90629888	63000064	1860096	31910144	63040000	310419968	740096	98089984	202739968
344	217890048	90670080	63580160	1830144	31609856	63000064	309939968	730112	98029824	203900160
345	217590016	91229952	64669952	1630208	31320064	65110016	309459968	760064	97760000	205059840
346	217280000	91660032	65689856	1519872	30909952	64390144	308770048	770048	97730048	205829888
347	217029888	91389952	66269952	1929984	30619904	64430080	308440064	750080	97550080	206950144
348	216750080	91119872	67650048	1789952	30419968	66870016	308260096	770048	97260032	208290048
349	219069952	95300096	71460096	2099968	30380032	67300096	308169984	740096	98739968	208199936
350	218820096	98320128	73529856	3749888	31660032	67010048	308079872	759808	100190208	208859904
351	220849920	98520064	74419968	6220032	32130048	66699776	308209920	749824	99929856	210630144
352	220580096	98139904	75970048	6370048	31849984	66540032	308140032	770048	100730112	212070144
353	220300032	99500032	75709952	9020160	31520000	67200000	308499968	750080	100780032	213590016
354	220019968	99219968	75430144	8679936	30970112	68099840	306949888	750080	100630016	214249984
355	220310016	98949888	75139840	8379904	30669824	68489984	307290112	729856	100620032	215729920
356	220049920	98539776	74860032	8570112	30109952	70550016	307250176	750080	100450048	216510208
357	230589952	98360064	74540032	8410112	29799936	70520064	306930176	729856	100169984	217639936
358	231909888	98080000	75189760	11630080	28880128	70240000	306350080	770048	100049920	218289920
359	231660032	97809920	79139840	12199936	28470016	69839872	306139904	750080	100179968	218339840
360	231390208	97530112	84560128	13550080	28049920	70380032	305829888	750080	99940096	218639872
361	231109888	97189888	85440000	13400064	27750144	70630144	305659904	750080	99789824	220600064
362	230840064	96839936	85969920	15049984	27409920	71909888	305609984	730112	99510016	221979904
363	230560000	96989952	85760000	14899968	26999808	71830016	305440256	750080	99290112	223379968
364	230230016	96559872	88239872	16549888	26530048	73260032	305270016	760064	99110144	226370048
365	229949952	96120064	90320128	17339904	26819840	73490176	305169920	740096	98850048	226249984
366	237229824	95749888	91739904	18010112	27409920	73239808	304860160	740096	98429952	226230016
367	246109952	95470080	93700096	22379776	27119872	72489984	304690176	750080	98299904	226109952
368	245840128	95190016	93440000	23059968	26690048	72160000	304499968	729856	98350080	225990144
369	245560064	94850048	96100096	22799872	26289920	71900160	304339968	750080	98020096	225880064
370	245289984	94360064	95830016	22499840	25850112	71620096	304230144	800000	97829888	225550080
371	245029888	94359808	95840000	22220032	25449984	71329792	304150016	740096	97629952	226279936
372	245139968	94020096	95549952	21929984	25159936	71069952	304120064	750080	97369856	226190080
373	245009920	93740032	97519872	21629952	24780032	71300096	304679936	730112	96999936	228030208
374	244730112	95369984	97250048	25649920	24329984	71620096	304839936	750080	96729856	227709952
375	244509952	97680128	96969984	30060032	24530176	73649920	304990208	760064	96549888	228989952
376	244239872	102249984	97300224	29310208	24120064	73880064	304859904	839936	96310016	229629952
377	244339968	103190016	98439936	28829952	23719936	73600000	304780032	739840	96640000	231079936
378	248130048	102919936	98039808	29839872	23270144	73479936	304689920	759808	101500160	230929920
379	247559936	103399936	97710080	29559808	22840064	72499968	305090048	749824	102020096	230800128
380	249420032	103580160	96950016	29270016	22550016	73289984	305199872	749824	101880064	230629888
381	249449984	103349760	96610048	28940032	22220032	71310080	305190144	749824	101519872	233070080
382	249169920	103520000	96310016	28640000	20809984	72430080	305060096	760064	101260032	232770048
383	248900096	109219840	95859968	28349952	22439936	71869952	304770048	729856	103170048	232689920
384	248580096	108960000	95559936	28059904	21419776	70579968	304579840	740096	104969984	232520192
385	248290048	108690176	95280128	27770112	21050112	70300160	304509952	750080	105040128	232199936
386	247879936	108400128	95009792	27449856	20729856	70000128	304400128	730112	105380096	232150016
387	247260160	108119808	94829824	28450048	20280064	69489920	304000000	740096	106680064	232099840
388	246969856	107849984	95640064	29039872	19990016	69200128	303670016	760064	106810112	231790080
389	246080000	107569920	95369984	29009920	19670016	73430016	303350016	790016	108310016	231460096
390	251109888	110889984	95380224	31030016	19379968	73149952	302779904	760064	109860096	232829952
391	250889984	112079872	95099904	33039872	19089920	73009920	302889984	760064	110279936	232739840
392	253750016	111849984	95589888	34520064	18759936	74060032	302830080	739840	111919872	232740096
393	253480192	111579904	96940032	35369984	19130112	73760000	302480128	739840	112829952	232520192
394	253199872	113199872	97000192	35069952	19059968	73469952	302159872	739840	114330112	232209920
395	252930048	112860160	98300160	38669824	18630144	72700160	302139904	759808	114370048	232060160
396	252640000	112509952	100019968	38619904	18729984	72470016	301680128	729856	113790208	232320000
397	252359936	112930048	100430080	38319872	19820032	72169984	301360128	780032	113459968	232009984
398	254520064	111629824	100929792	37580032	19510016	71000064	301040128	759808	114519808	231559936
399	254240000	111170048	102540032	37590016	19330048	69550080	301239808	780032	115030016	231280128
400	255760128	110829824	104179968	37310208	19660032	69229824	300930048	760064	116840192	230969856
401	255439872	110320128	104250112	36999936	20440064	68940032	300610048	740096	118190080	230980096
402	255579904	109989888	105240064	36709888	20140032	71200000	300290048	740096	119660032	230710016
403	255230208	109190144	107419904	36160000	21309952	81089792	299980032	730112	120520192	230409984
404	254939904	108730112	107140096	37939968	21779968	80859904	299660032	750080	121849856	230080000
405	254659840	108189952	109480192	37489920	21789952	80880128	299270144	780032	121939968	230039808
406	254380032	107790080	111330048	38200064	21870080	80600064	298930176	759808	122779904	229750016
407	254089984	107610112	114619904	37760000	21790208	80269824	298439936	749824	123749888	229480192
408	253800192	107159808	116470016	37430016	20770048	81519872	298499840	739840	123640064	229529856
409	253489920	107160064	118800128	37080064	20790016	82680064	297990144	739840	123740160	229230080
410	253140224	106830080	118529792	36790016	20379904	82380032	297670144	770048	125209856	228930048
411	252839936	107329792	117939968	41789952	20049920	82100224	297309952	780032	126380032	228739840
412	252590080	107059968	117649920	41910016	19749888	81819904	297009920	740096	128280064	228839936
413	252310016	106789888	117040128	41630208	19430144	81349888	296690176	740096	128290048	228540160
414	252250112	106510080	116760064	41309952	18929920	81040128	296370176	730112	128290048	228249856
415	251970048	105979904	116460032	40999936	18629888	80750080	296329984	740096	128379904	227919872
416	251650048	105700096	116549888	40700160	17479936	78269952	295990016	749824	128200192	227960064
417	251429888	105420032	117809920	40419840	17730048	77949952	295660032	769792	128040192	227730176
418	251130112	105580032	121240064	40189952	17149952	81080064	294939904	739840	127709952	227399936
419	250849792	108359936	122909952	41769984	17090048	82500096	294870016	739840	127490048	227130112
420	250639872	104009984	126660096	41289984	16000000	82230016	294409984	729856	129539840	227500032
421	250289920	103729920	128230144	40989952	13690112	81939968	294080000	749824	129539840	227190016
422	250019840	103439872	128890112	39779840	13349888	81590016	293750016	739840	129380096	226889984
423	249730048	104689920	128609792	39440128	12920064	81010176	293560064	729856	129159936	226590208
424	249570048	104410112	128320000	39120128	12480000	80699904	293469952	749824	129230080	226259968
425	249270016	104069888	128069888	39019776	12059904	80439808	293040128	739840	128889856	225969920
426	248999936	103760128	127800064	38739968	11770112	80150016	292720128	739840	128549888	225510144
427	248719872	103480064	127510016	38759936	11399936	79599872	292520192	729856	128199936	225169920
428	248430080	103020032	127229952	38480128	11119872	79300096	292379904	739840	127990016	224859904
429	248260096	102459904	126949888	38190080	10450176	79010048	292059904	739840	127939840	224489984
430	247980032	102089984	133139968	37899776	10129920	77849856	291849984	749824	129080064	224150016
431	247660032	102050048	132870144	37570048	9729792	77540096	291529984	780032	131010048	223980032
432	247180032	101659904	133430016	37280000	9440000	77220096	291250176	770048	131439872	223909888
433	246899968	100140032	134479872	39840000	9120000	76919808	290899968	730112	131819776	223620096
434	246610176	99799808	137159936	43630080	8560128	76630016	290690048	750080	134249984	223320064
435	246330112	99480064	137329920	45110016	8199936	76339968	290670080	730112	135849984	223030016
436	245469952	99030016	139420160	44829952	7789824	76040192	290550016	740096	137440000	244320000
437	245179904	98700032	140830208	44509952	8250112	75689984	290409984	790016	137829888	244389888
438	244890112	98350080	140999936	44310016	8189952	75389952	290299904	760064	137869824	244090112
439	244660224	97790208	140719872	44899840	7779840	75100160	290639872	750080	138479872	243790080
440	244379904	97440000	140859904	44600064	7899904	73989888	290569984	740096	140710144	243499776
441	244230144	96749824	140999936	44290048	7640064	78309888	290250240	740096	140720128	243170048
442	243940096	96410112	141090048	43999744	7320064	78030080	289920000	770048	141829888	242990080
443	243449856	95579904	140760064	43709952	6909952	77700096	289789952	819968	142860032	243140096
444	243120128	95290112	140470016	44219904	6550016	77839872	289440000	819968	145590016	242799872
445	242949888	96100096	139890176	43900160	9319936	75139840	289249792	849920	147159808	242429952
446	242319872	95389952	139529984	43810048	8460032	74899968	288979968	809984	148019968	242109952
447	242030080	95049984	139200000	43219968	7369984	75510016	288840192	1690112	148889856	241789952
448	241740032	94599936	138919936	42880000	8160000	77670144	288530176	1609984	149020160	241449984
449	241459968	94289920	138630144	41570048	9600000	77120000	288219904	2450176	149000192	241149952
450	241299968	94010112	138729984	42070016	13849856	77270016	287899904	2400000	148840192	240839936
451	241019904	93420032	138459904	41970176	12829952	76979968	287549952	2240000	148960000	240670208
452	240580096	92500224	138170112	41679872	12450048	76679936	287209984	2159872	148790016	240759808
453	238180096	91529984	137900032	41410048	12149760	76389888	286889984	2089984	148470016	240430080
454	237860096	90880000	137570048	44179968	11820032	75670016	286739968	1869824	148209920	240130048
455	237590016	90550016	137270016	43929856	11379968	75419904	286439936	1750016	148079872	239819776
456	237309952	89229824	136989952	46440192	11090176	75449856	286440192	2730240	148029952	239520000
457	237179904	89380096	136470016	46149888	10749952	77570048	285129984	3020032	149060096	239229952
458	236900096	89500160	136600064	45819904	10339840	77440000	284480000	3469824	149149952	239030016
459	234710016	89139968	136320000	45530112	9929984	78309888	284140032	4689920	148919808	239070208
460	234220032	88770048	136029952	45240064	9459968	78299904	283449856	7270144	148749824	238710016
461	233720064	88140032	135699968	44870144	9079808	77790208	283120128	7280128	148550144	238369792
462	233280000	87619840	135420160	44889856	8969984	77489920	282919936	7130112	148370176	238060032
463	233040128	87200000	135129856	46200064	14470144	77159936	282909952	8090112	148200192	237750016
464	232580096	86860032	134849792	45920000	14190080	76829952	282590208	8039936	148019968	237540096
465	232289792	86380032	134520064	45629952	13900032	77019904	282240000	8140032	147740160	237539840
466	232069888	86050048	134240000	45309952	13499904	79460096	281910016	8879872	147760128	237230080
467	231790080	85560064	133949952	45019904	13139968	79480064	281720064	9110016	147620096	236900096
468	231510016	85680128	133619968	47389952	13170176	80719872	281549824	10599936	147599872	236709888
469	231230208	84919808	133320192	47099904	12719872	80439808	281200128	10700032	147299840	236539904
470	230929920	84450048	132800000	46810112	12259840	80150016	281340160	10510080	147059968	236590080
471	230759936	80169984	131860224	46520064	11849984	79859968	281359872	10279936	146929920	236259840
472	230650112	79859968	131539968	45890048	11520000	79580160	281029888	10099968	146660096	235960064
473	230480128	79579904	131379968	45710080	11130112	79239936	280710144	9920000	146449920	235600128
474	230189824	79300096	131100160	47980032	11810048	78949888	280400128	9730048	149400064	235249920
475	229799936	78899968	130689792	47699968	12849920	78259968	280080128	9670144	149250048	235010048
476	229509888	77870080	130340096	47209984	13240064	77210112	279849984	11229952	149090048	234959872
477	229230080	77570048	130050048	46860032	13469952	76899840	279790080	11940096	149110016	234599936
478	229050112	77299968	129690112	46579968	13999872	76440064	279040000	12219904	148859904	234279936
479	228819968	77840128	129449984	46240000	18400000	78119936	278670080	13360128	148540160	234010112
480	228480000	77509888	129169920	45910016	17019904	77840128	278469888	13730048	155100160	233840128
481	228050176	77190144	128890112	45609984	17769984	77159936	278370048	14510080	156550144	233850112
482	228049920	76679936	128610048	45320192	17490176	76850176	277629952	14859776	157789952	233549824
483	227769856	76709888	128279808	44999936	17750016	76389888	277430016	16339968	158299904	233230080
484	227480064	76609792	127990016	44669952	17420032	76089856	277370112	16289792	157890048	232920064
485	227270144	76729856	127699968	44339968	17129984	75719936	277050112	16189952	157719808	232739840
486	226980096	76869888	127340032	42739968	16729856	75589888	276560128	16730112	157869824	232719872
487	226500096	76250112	127030016	42430208	16839936	76249856	276419840	17779968	157700096	232420096
488	226210048	75909888	127139840	42129920	16450048	75040000	276329984	19209984	157490176	232120064
489	225929984	75970048	126870016	43399936	16780032	75309824	275790080	19130112	157339904	231799808
490	225640192	75660032	126550016	43190016	16399872	76329984	275459840	19579904	157120000	231729920
491	225349888	75369984	132999936	44819968	15980032	78169856	275239936	21060096	157040128	231430144
492	224989952	75110144	132739840	46009856	15589888	77830144	275110144	21249792	163030016	231130112
493	224199936	74710016	132460032	46099968	14400000	77830144	274790144	21090048	164310016	230919936
494	223919872	74390016	132169984	48489984	13629952	77519872	274619904	20920064	164880128	230889984
495	223630080	74109952	131859968	48400128	13329920	77230080	274449920	20580096	165849856	230590208
496	223410176	73829888	131480064	48150016	13000192	77720064	274289920	20399872	165050112	230249984
497	223300096	73550080	132890112	49200128	12519936	77579776	273740032	20169984	164760064	230149888
498	223020032	73169920	133029888	48839936	12229888	81689856	273619968	19970048	171510016	229850112
499	222850048	73309952	133169920	48540160	13819904	83259904	273299968	28909824	174030080	229750016
500	222569984	73030144	133639936	48240128	13400064	84349952	273009920	29349888	177059840	229449984
501	222290176	72750080	134160128	47919872	13100032	86210048	272770048	29320192	179919872	229129984
502	221999872	72480000	136100096	47620096	12640000	85669888	272600064	29740032	179909888	229030144
503	221720064	72150016	135600128	47330048	26340096	85350144	272400128	29900032	182690048	228709888
504	221479936	71869952	135310080	48020224	26259968	87319808	272069888	29690112	188669952	228640000
505	221230080	71600128	134829824	48219904	25850112	87040000	271909888	29499904	190810112	228339968
506	220969984	71289856	134439936	48160000	25489920	86749952	271810048	29299968	190799872	228029952
507	220689920	71369984	134139904	47300096	25200128	86360064	271500032	29099776	192150016	227830016
508	220410112	74710016	133520128	48969984	24880128	85880064	271180032	28919808	191889920	227760128
509	220189952	74310144	133230080	49519872	24569856	86579968	271099904	28620032	191650048	227439872
510	219900160	73849856	132940032	49329920	23980032	85149952	270749952	28950016	191229952	227120128
511	219619840	73490176	134679808	47970048	23670016	84910080	270430208	29760000	190959872	227010048
512	219399936	72699904	135709952	49169920	23350016	84610048	270279936	30220032	194680064	226679808
513	219110144	72359936	135259904	49250048	23059968	83859968	269959936	32709888	194790144	226569984
514	218830080	71840000	134850048	49380096	22739968	83539968	269760000	32730112	194889984	226240000
515	218540032	71439872	134550016	49090048	20920064	83289856	269570048	33189888	194599936	225920000
516	217890048	70330112	134259968	48800000	19320064	82970112	269459968	33430016	194349824	225740032
517	217430016	69989888	133730048	48509952	19940096	81629952	269329920	33270016	194160128	225600000
518	217080064	70080000	133370112	48059904	38159872	82650112	269009920	33049856	193980160	225649920
519	216780032	71789824	132930048	47770112	39330048	81769984	268840192	32869888	193750016	225359872
520	216499968	71180032	132699904	47470080	38400000	81440000	268680192	32640000	193509888	225030144
521	216539904	71190016	132409856	47269888	40229888	81159936	268499968	32450048	193349888	224720128
522	216259840	70640128	132120064	47170048	41489920	80849920	268179968	32259840	193059840	224419840
523	215980032	70889984	131789824	46889984	41949952	80560128	267820032	32079872	193180160	224249856
524	215689984	70729984	133619968	47879936	41810176	80269824	267489792	31849984	192900096	224179968
525	215410176	70449920	133750016	48280064	41969920	79980032	267299840	31610112	192389888	223860224
526	215130112	71010048	133939968	48000000	42010112	79689984	267129856	31530240	192089856	223759872
527	214850048	70739968	135149824	47379968	43100160	79360000	266930176	39290112	191689984	223449856
528	217890048	71300096	135820032	46680064	43150080	79060224	266750208	42070016	191440128	223429888
529	217629952	71430144	135590144	46379776	43799808	78779904	266659840	43069952	191790080	223140096
530	217350144	71580160	136070144	48189952	44239872	78489856	266300160	44199936	191620096	222809856
531	215389952	71309824	137799936	50749952	47990016	77590016	265980160	44530176	191450112	222510080
532	215069952	71069952	137430016	49769984	47709952	77280000	285649920	46819840	191299840	222330112
533	214780160	70570240	136899840	48659968	47420160	76989952	285420032	47580160	191020032	222209792
534	214479872	70070016	136630016	50200064	47010048	75460096	284979968	47970048	190810112	221910016
535	214000128	69779968	135919872	49999872	46709760	75160064	284770048	48389888	190650112	221840128
536	213769984	69500160	135640064	49690112	46409984	74870016	284669952	49149952	190480128	221509888
537	213479936	69219840	135309824	48549888	46129920	75970048	284359936	50969856	190369792	221270016
538	213199872	69039872	135020032	48270080	45839872	75680000	284160000	51269888	190130176	221090048
539	212969984	68400128	136649984	47960064	47820032	75369984	284000000	51689984	189890048	221170176
540	212690176	67889920	135899904	48259840	47409920	74660096	283799808	52440064	189730048	220880128
541	212110080	67350016	137280000	47980032	47130112	74259968	283739904	52749824	189720064	220539904
542	211909888	67069952	137250048	47689984	46830080	73949952	283429888	53949952	191299840	220190208
543	211790080	66789888	137019904	47360000	46540032	73660160	283110144	55059968	192439808	219869952
544	211529984	66370048	136740096	47059968	46259968	73369856	282909952	55030016	192650240	219569920
545	210720000	65229824	136450048	46269952	45849856	73080064	282740224	55019776	192430080	219369984
546	210419968	64310016	136089856	45960192	45549824	72750080	282639872	54670080	192040192	219419904
547	210140160	63739904	135810048	45629952	45260032	73299968	282329856	55790080	191910144	219090176
548	209849856	63450112	135469824	45339904	44979968	75409920	282089984	56379904	191520000	218759936
549	209530112	64740096	136750080	45060096	44680192	76420096	281920000	56829952	191419904	218439936
550	209250048	65269760	136580096	47079936	44359936	76750080	281899776	56729856	191119872	218089984
551	208970240	66120192	136310016	46799872	43929856	77330176	281789952	58279936	190880000	217920000
552	208669952	65710080	136010240	45789952	43630080	79120128	281659904	58630144	190720000	218060032
553	208389888	65400064	135470080	45250048	43340032	79109888	280519936	59510016	190309888	217760000
554	208169984	65090048	135119872	44950016	43049984	82060032	280409856	59879936	190109952	217469952
555	208000000	64759808	135610112	44649984	42760192	82240000	280270080	62080000	195750144	217179904
556	207689984	64480000	139830016	43539968	42469888	82400000	279949824	62139904	195440128	216840192
557	207520000	64199936	139520000	43600128	42099968	82120192	279810048	61980160	195229952	216669952
558	207239936	63879936	139340032	43319808	40999936	81819904	279520000	61810176	195030016	216709888
559	206950144	63459840	139049984	43729920	40249856	82060032	279320064	61629952	194779904	216410112
560	206669824	63140096	138770176	43460096	39940096	84569856	279190016	62659840	194449920	216130048
561	206390016	62850048	138489856	43170048	39750144	84869888	278870016	62579968	194199808	215789824
562	206210048	63310080	138160128	43249920	39560192	84950016	278670080	63529984	194089984	215559936
563	205939968	62990080	137880064	44529920	39270144	84669952	278650112	63900160	193550080	215379968
564	205650176	62680064	137600000	46020096	38889984	88019968	278299904	64050176	193149952	215419904
565	205429760	62409984	137270016	46710016	38470144	87739904	277979904	63899904	192819968	215119872
566	205149952	62119936	136889856	47009792	37969920	86510080	277049856	63729920	192549888	214820096
567	204869888	61779968	136600064	46819840	37669888	85870080	276989952	63559936	192359936	214480128
568	204649984	61449984	135949824	46500096	37380096	88919808	276669952	63559936	192160000	214129920
569	204350208	61169920	135620096	44509952	37090048	88859904	276350208	63400192	192009984	213820160
570	204179968	60900096	133740032	44200192	36809984	89440000	276029952	63219968	191729920	213609984
571	203899904	60610048	134979840	43900160	36519936	89090048	275950080	63040000	191500032	213659904
572	203680000	60230144	135180032	43609856	36229888	88790016	275630080	63379968	191320064	213370112
573	203400192	59950080	134749952	42910208	36499968	88460032	275140096	63520000	191170048	213070080
574	203110144	59459840	134459904	42609920	36210176	88169984	274809856	63360000	190990080	212709888
575	202919936	60860160	134190080	42319872	35920128	87170048	274660096	63180032	190589952	212410112
576	202629888	64370176	134459904	42480128	35629824	86849792	274350080	62950144	190250240	212399872
577	202429952	67010048	134180096	42820096	37090048	86560000	274259968	62800128	190070016	212489984
578	202169856	69820160	133890048	42680064	39259904	87109888	273949952	62530048	189789952	212169984
579	201850112	70789888	133609984	42680064	38850048	86960128	273629952	62299904	189299968	211830016
580	201560064	67250176	133319936	42390016	38560000	87329792	273390080	62269952	188819968	211500032
581	201280000	67879936	132950016	42089984	38270208	87049984	273330176	64859904	188290048	211180032
582	201049856	67640064	132150016	41769984	37980160	86939904	273020160	65240064	188069888	210840064
583	200770048	72619776	130609920	41030144	37699840	90119936	272659968	65639936	187700224	210739968
584	200489984	72300032	130289920	40729856	37400064	90880000	272440064	66400000	187330048	210470144
585	200270080	74640128	130579968	40280064	36989952	91340032	272320000	66799872	186619904	210240000
586	199980032	74720000	130309888	39889920	36689920	88659968	272000000	68349952	186400000	209669888
587	199699968	74550016	130030080	39830016	36410112	88329984	271800064	68680192	186059776	209350144
588	199529984	75040000	129750016	40120064	36120064	88039936	270500096	68709888	185680128	209019904
589	199249920	74650112	129280000	40150016	35830016	87740160	270329856	70240000	185340160	208729856
590	199040000	75180032	128999936	42029824	35539968	87449856	270009856	72289792	185029888	208780032
591	198760192	77200128	131119872	41750016	35840000	87159808	269750016	72209920	184809984	208470016
592	198469888	80260096	130860032	43800064	35559936	89359872	268240128	72679936	184720128	208150016
593	198190080	79819776	132570112	43500032	36780032	89050112	268100096	74189824	184539904	207739904
594	197900032	79529984	133160192	43200000	36519936	88749824	267770112	76069888	184349952	207399936
595	197609984	80050176	132339968	42009856	37380096	88460032	267460096	77230080	184150016	207069952
596	197329920	79780096	131520000	41710080	37089792	88169984	267329792	77210112	183990016	206880000
597	197159936	79400192	132049920	41250048	36679936	90089984	267020032	77560064	183830016	206840064
598	196869888	78810112	131780096	41149952	36399872	89760000	266660096	78439936	183640064	206540032
599	196580096	78479872	132370176	40179968	36569856	88740096	266350080	78809856	183500032	206220032
600	196370176	78109952	132499968	39849984	36659968	88430080	264659968	79910144	183340032	205910016
601	196090112	77609984	132130048	39559936	36710144	87869952	264540160	80269824	183170048	205730048
602	195799808	77270016	131450112	39280128	36559872	87520000	263539968	81029888	183030016	205739776
603	195840000	76370176	130870016	38780160	36139776	87219968	263330048	81880064	182870016	205430016
604	195559936	75990016	129219840	38479872	35849984	86919936	263229952	82240000	182599936	205129984
605	195249920	75689984	128460032	37740032	35569920	86670080	262920192	83020032	182380032	204840192
606	195059968	75830016	128160000	38459904	35270144	86339840	262350080	83740160	182219776	204670208
607	194409984	75490048	129880064	38150144	34990080	85319936	262230016	84880128	181729792	204740096
608	193730048	75200000	129430016	37859840	34700032	86249984	261900032	84839936	181459968	204440064
609	193299968	74930176	128779776	37559808	34290176	85960192	261769984	85679872	181200128	204130048
610	193210112	74550016	130700032	37120000	33989888	85669888	261459968	86030080	180999936	203790080
611	192930048	74140160	130409984	35159808	33669888	86040064	261100032	86840064	180859904	203480064
612	192649984	74309888	130130176	34850048	33380096	85810176	261020160	88399872	180689920	203300096
613	192430080	74030080	131459840	34530048	33100032	85149952	261329920	89159936	180530176	203389952
614	192209920	73750016	131080192	34870016	33160192	84529920	261159936	89910016	180280064	203099904
615	191930112	73370112	130749952	35389952	32869888	83779840	261179904	90279936	180039936	202759936
616	191639808	72420096	130850048	36239872	32579840	84689920	260290048	91859968	179869952	202470144
617	191360000	71080192	130530048	38409984	32649984	84390144	259950080	92509952	179709952	202149888
618	191069952	70710016	130159872	38050048	33210112	84100096	259630080	93619968	179529984	201809920
619	190770176	70409984	129740032	38909952	33900032	84860160	259279872	93999872	179369984	201630208
620	190550016	69990144	129270016	38450176	33610240	84579840	259059968	95219968	179079936	201530112
621	190279936	70030080	128719872	38779904	33329920	84290048	258710016	95580160	178690048	201219840
622	190089984	68950016	128329984	38489856	33039872	83990016	258410240	96339968	178439936	200880128
623	190060032	68209920	128039936	38200064	32750080	83439872	258469888	97100032	178149888	200550144
624	190950144	67869952	130419968	37879808	32369920	83140096	258149888	97459968	177910016	200369920
625	190510080	67229952	130140160	37510144	33639936	82670080	257839872	97420032	177769984	200290048
626	189820160	66820096	129910016	37210112	35670016	82370048	257330176	97890048	177590016	200190208
627	189410048	66409984	129590016	36529920	35290112	82080000	256999936	99449856	177319936	200049920
628	189120000	66450176	129270016	36240128	34880000	80310016	256679936	99449856	176999936	200059904
629	188889856	66310144	129710080	35950080	34579968	80009984	256499968	99859968	176749824	199729920
630	188260096	66099968	129429760	34599936	34190080	79719936	256420096	99950080	176570112	199409920
631	187959808	65629952	129070080	34280192	33799936	79429888	255949824	99759872	176410112	199040000
632	187650048	65100032	128519936	32389888	33400064	77960192	255599872	99520000	176250112	198989824
633	187360000	60829952	129509888	34880000	33009920	77649920	255270144	99379968	175990016	198690048
634	187059968	60290048	129200128	34600192	32499968	76779776	255080192	99190016	175749888	198419968
635	186589952	59990016	128759808	34230016	32179968	76529920	254919936	99520000	175589888	198520064
636	186349824	59620096	128310016	33869824	31770112	76349952	254789888	1.01E+08	175420160	198230016
637	186060032	59340032	128019968	32270080	30900224	76060160	254459904	1.02E+08	175220224	197900032
638	185769984	59030016	127640064	31970048	30409984	75490048	254330112	1.03E+08	174970112	197600000
639	185470208	58419968	129260032	31420160	29910016	77869824	254020096	1.03E+08	174710016	197290240
640	185179904	58129920	128620032	30870016	30780160	78370048	253819904	1.04E+08	174449920	196989952
641	184719872	57740032	127289856	30449920	30489856	78080000	253590016	1.05E+08	174179840	196699904
642	184540160	62409984	127000064	30860032	30129920	77789952	253080064	1.04E+08	174040064	196499968
643	185059840	63969792	126720000	30230016	29840128	77499904	252759808	1.05E+08	173860096	196529920
644	185039872	67059968	127660032	29830144	29289984	76270080	252519936	1.06E+08	173730048	196229888
645	186279936	67179776	127389952	29539840	28810240	75950080	252420096	1.06E+08	173359872	195940096
646	189660160	70139904	126990080	30089984	30099968	75579904	252070144	1.06E+08	173139968	195640064
647	189579776	73480192	126699776	29809920	29650176	75759872	251859968	1.07E+08	172980224	195299840
648	189280000	73019904	126150144	29510144	28550144	75409920	251769856	1.07E+08	172720128	195119872
649	188989952	73069824	126249984	29070080	28199936	75109888	251660032	1.08E+08	172499968	195130112
650	188809984	72649984	125889792	28499968	24190208	74820096	251570176	1.08E+08	172300032	194840064
651	190429952	72229888	125600000	26760192	23820032	74449920	251219968	1.09E+08	172140032	194499840
652	190049792	70460160	125229824	26360064	23209984	74159872	251089920	1.09E+08	171980032	194190080
653	191350016	70160128	124659968	26069760	22909952	73860096	250770176	1.1E+08	171619840	194070016
654	194670080	69799936	124359936	24120064	22629888	73570048	250460160	1.11E+08	171300096	193780224
655	194550016	69859840	124080128	28150016	23029760	74720000	250309888	1.12E+08	171030016	193829888
656	194060032	70269952	123790080	27869952	22569984	74439936	249819904	1.13E+08	170809856	193540096
657	193800192	70339840	123919872	28300032	22619904	74149888	249690112	1.15E+08	170609920	193220096
658	193359872	70419968	123569920	28060160	22189824	73650176	249339904	1.15E+08	170319872	193120000
659	193070080	70550016	123290112	27769856	21710080	73349888	249100032	1.16E+08	170070016	192839936
660	192760064	70160128	122929920	27480064	19950080	74820096	248750080	1.17E+08	169879808	192740096
661	194850048	69049856	122640128	26739968	19650048	74419968	248420096	1.17E+08	169600000	192450048
662	194779904	68689920	122249984	26419968	19170048	73860096	248239872	1.17E+08	169339904	192140032
663	194489856	67369984	121619968	26089984	18789888	73570048	247909888	1.18E+08	169190144	192049920
664	193929984	67090176	121339904	25809920	18939904	73099776	247620096	1.18E+08	169020160	191760128
665	193590016	66759936	121050112	25509888	19150080	72710144	247300096	1.19E+08	168879872	191590144
666	193390080	66430208	120760064	25220096	17780224	72420096	246620160	1.2E+08	168689920	191599872
667	194149888	66540032	122449920	24930048	17360128	72130048	246439936	1.21E+08	168509952	191350016
668	194639872	71140096	122039808	23920128	16989952	71840000	246309888	1.22E+08	168280064	191279872
669	195460096	70840064	121629952	22569984	15770112	71409920	245909760	1.22E+08	168039936	190989824
670	196280064	70550016	121339904	22269952	15040000	71110144	245939968	1.24E+08	167889920	190790144
671	196239872	70270208	121060096	22889984	14560000	70779904	245819904	1.24E+08	167750144	190680064
672	197100032	69959936	120709888	22680064	14150144	70479872	245570048	1.24E+08	167460096	190380032
673	198309888	69669888	119890176	22359808	13529856	70180096	245250048	1.26E+08	167259904	190419968
674	198269952	70330112	119510016	22060032	13329920	69890048	245120000	1.26E+08	167079936	190300160
675	197969920	70070016	119190016	21769984	15410176	69099776	244800000	1.26E+08	166919936	189499904
676	197679872	69789952	118889984	21209856	15120128	68800000	244480000	1.25E+08	166790144	189179904
677	197390080	69430016	118529792	20910080	14759936	68399872	244099840	1.25E+08	166490112	189129984
678	197190144	68860160	118150144	20610048	14190080	68030208	243919872	1.25E+08	166259968	188950016
679	197230080	68499968	117859840	20100096	13880064	66739968	243599872	1.25E+08	166129920	188859904
680	197230080	68209920	117570048	20189952	13549824	66439936	243280128	1.25E+08	165819904	188440064
681	199539968	67920128	117289984	19790080	13180160	66089984	242960128	1.24E+08	165609984	188249856
682	202980096	70649856	123320064	19770112	11269888	64989952	242760192	1.24E+08	165420032	188120064
683	203470080	72550144	126330112	19469824	13330176	62689792	242659840	1.24E+08	165270016	187980032
684	204609792	72280064	127219968	19180032	13110016	62360064	242349824	1.25E+08	164989952	188090112
685	211129856	73189888	128450048	18750208	12679936	60760064	242159872	1.25E+08	164640000	187990016
686	211510016	73609984	128620032	18449920	10980096	63489792	242070016	1.24E+08	164389888	188070144
687	214950144	73339904	128349952	18049792	10609920	63180032	241970176	1.24E+08	164210176	188169984
688	218410240	73059840	127970048	16669952	10139904	62889984	241670144	1.24E+08	163940096	187859968
689	220109824	72720128	128480000	16579840	9330176	62600192	241469952	1.24E+08	163699968	187569920
690	216429824	72329984	128239872	16290048	9860096	62310144	241369856	1.24E+08	163539968	187269888
691	219899904	71890176	127950080	15970048	8509952	62029824	241060096	1.24E+08	163279872	186899968
692	220009984	71599872	127670016	15790080	9250048	61560064	240859904	1.23E+08	162870016	186949888
693	221500160	71209984	127260160	15680000	8700160	61029888	240789760	1.23E+08	162410240	186640128
694	230159872	70749952	134469888	16760064	8150016	60730112	240470016	1.23E+08	162210048	185669888
695	230599936	70569984	134190080	16529920	7799808	60380160	239950080	1.23E+08	162060032	185299968
696	230639872	71820032	133900032	17110016	7330048	59830016	239719936	1.23E+08	161910016	184910080
697	230720000	72510208	133619968	16819968	7180032	59320064	239539968	1.22E+08	161650176	184600064
698	233339904	72559872	133329920	16529920	8710144	58979840	239440128	1.22E+08	161410048	184550144
699	236770048	72290048	133939968	16249856	8429824	58380032	239120128	1.22E+08	161210112	184020224
700	236609792	72739840	133650176	15960064	8100096	58080000	238930176	1.25E+08	161020160	183680000
701	235409920	72400128	133329920	15589888	7810048	57779968	238819840	1.25E+08	160780032	183369984
702	236450048	72119808	133009920	16750080	7449856	57490176	238330112	1.25E+08	160519936	184120064
703	236230144	71660032	132780032	16829952	6880000	57199872	238140160	1.25E+08	160349952	183810048
704	235670016	71319808	132420096	16559872	5689856	56239872	238040064	1.24E+08	160179968	183520000
705	239130112	70810112	131869952	16270080	5380096	55930112	237730048	1.24E+08	160020224	183180032
706	239169792	70880000	131580160	15980032	6340096	55670016	237519872	1.24E+08	159859968	182880000
707	241529856	70319872	131119872	15670016	7139840	55399936	237430016	1.24E+08	159590144	182569984
708	240969984	70030080	130710016	13340160	6840064	55109888	237090048	1.24E+08	159259904	182269952
709	240670208	69669888	130289920	21859840	6149888	54820096	236879872	1.23E+08	158739968	181979904
710	240369920	69289984	129310208	21449984	5650176	54479872	236750080	1.23E+08	158449920	181639936
711	243190016	65209856	128809984	21039872	6319872	54170112	236390144	1.23E+08	158049792	181340160
712	246550016	64900096	128380160	22050048	5820160	53720064	236060160	1.23E+08	157850112	181039872
713	246299904	64590080	127439872	20770048	5459968	52570112	235889920	1.23E+08	157680128	180749824
714	245820160	64649984	129359872	19409920	4270080	52029952	235180032	1.22E+08	157499904	180450048
715	246109952	64380160	128969984	19770112	3960064	51729920	235200000	1.22E+08	157339904	180079872
716	249949952	64100096	128450048	19439872	3619840	51470080	235069952	1.22E+08	157179904	179789824
717	253280000	63790080	128019968	19150080	3759872	51149824	234409984	1.22E+08	167849984	179450112
718	253019904	63360000	125519872	18860032	5149952	50850048	234350080	1.22E+08	167500032	179140096
719	252720128	62759936	125139968	18560000	5669888	50560000	234030080	1.22E+08	167289856	178829824
720	254040064	62360064	124640000	18809856	5339904	50269952	233659904	1.21E+08	166820096	178530048
721	253999872	61839872	123879936	18530048	11549952	49410048	233350144	1.21E+08	166440192	178190080
722	258160128	61969920	125169920	18429952	11230208	48760064	232560128	1.21E+08	166240000	177879808
723	257750016	62459904	129809920	20019968	12179968	48249856	232450048	1.21E+08	166070016	177520128
724	257440000	62100224	132989952	21659904	11710208	47960064	232129792	1.21E+08	165809920	177220096
725	257349888	61750016	132639744	25769984	11409920	47670016	231929856	1.2E+08	165600000	176919808
726	260029952	61469952	132359936	24910080	11079936	47360000	231970048	1.2E+08	165410048	176620032
727	260420096	61200128	132069888	26560000	12039936	47040000	231830016	1.2E+08	165220096	176979968
728	261880064	60859904	131790080	26300160	12899840	46779904	231480064	1.2E+08	165070080	176649984
729	261970176	60410112	131109888	28389888	12420096	46500096	231369984	1.2E+08	164920064	176359936
730	268800000	60039936	130670080	27170048	11899904	46220032	231399936	1.2E+08	164640000	176039936
731	274499840	59760128	130309888	27059968	11449856	45959936	230839808	1.19E+08	164409856	175750144
732	277929984	59439872	129990144	28000000	11089920	45129984	230500096	1.19E+08	164110080	175460096
733	277809920	59169792	129700096	31810048	10670080	44820224	230180096	1.19E+08	163870208	175119872
734	277449984	58840064	129359872	32089856	10370048	44519936	229870080	1.19E+08	163590144	174819840
735	278459904	58590208	129410048	34099968	10080000	44229888	229670144	1.18E+08	163360000	174510080
736	278400000	59499776	129039872	33949952	9719808	43940096	229569792	1.18E+08	163180032	174159872
737	278050048	60300032	128630016	33810176	9240064	43650048	229100032	1.18E+08	163020032	173830144
738	277420032	61869824	130109952	34149888	8809984	43299840	228900096	1.17E+08	162859776	173500160
739	277120000	64050176	130200064	34390016	8519936	43010048	228740096	1.16E+08	162700032	173129984
740	277199872	67440128	129859840	34710016	8230144	42670080	228409856	1.16E+08	162480128	173070080
741	276909824	67059968	129390080	36509952	7879936	41899776	228399872	1.16E+08	162210048	172779776
742	276620032	66300160	128960000	36540160	7439872	40570112	228300032	1.16E+08	161959936	172519936
743	276320000	65570048	128540160	36249856	7130112	40279808	228169984	1.16E+08	161809920	172839936
744	276019968	65289984	127610112	35959808	6839808	39520000	227829760	1.16E+08	161660160	172529920
745	275729920	64370176	126689792	35590144	7120128	38700032	227719936	1.15E+08	161510144	172219904
746	275439872	65299968	125299968	35429888	7810048	38390016	227400192	1.15E+08	161240064	171909888
747	275140096	67220224	123739904	36379904	7310080	38089984	227049984	1.15E+08	160999936	171590144
748	277340160	69100032	123059968	37920000	8210176	38969856	226720000	1.15E+08	160870144	171360000
749	280280064	68420096	122540032	37750016	8280064	38980096	226530048	1.15E+08	160690176	170990080
750	280310016	68390144	122250240	38929920	7910144	39010048	226480128	1.15E+08	160499968	170690048
751	280019968	67970048	121789952	38639872	7420160	38720000	226160128	1.14E+08	160210176	170360064
752	279729920	68059904	121420032	38360064	7040000	38429952	225659904	1.14E+08	159940096	170060032
753	279440128	67640064	121129984	38070016	7299840	38909952	225449984	1.14E+08	159640064	169750016
754	279140096	72720128	120859904	37389824	7559936	38909952	225350144	1.14E+08	159269888	169410048
755	278849792	82040064	120580096	37100032	5379840	42930176	225040128	1.13E+08	159059968	169060096
756	279830016	83789824	121650176	36960000	4710144	42829824	224819968	1.13E+08	158769920	168929792
757	279549952	85280000	121049856	39449856	4239872	42629888	224739840	1.13E+08	158529792	168630016
758	279250176	85600000	120760064	39180032	3489792	42350080	224640000	1.13E+08	158370048	168849920
759	278960128	85320192	120480000	39190016	3140096	41740032	224329984	1.13E+08	158200064	168519936
760	278669824	84890112	120960000	38249984	3360000	42029824	224249856	1.12E+08	158040064	168210176
761	278340096	84610048	121929984	39220224	4300032	41740032	223929856	1.12E+08	157870080	167899904
762	277999872	84320000	124290048	39510016	3719936	43750144	223609856	1.12E+08	157799936	167579904
763	277689856	86050048	123419904	42929920	3749888	43640064	223460096	1.12E+08	157370112	167270144
764	277360128	86169856	123129856	42690048	2889984	44019968	223139840	1.12E+08	157040128	166970112
765	277029888	85900032	122810112	43379968	2359808	43739904	223049984	1.12E+08	156829952	166659840
766	276729856	85600000	122419968	44680192	3330048	43350016	222739968	1.11E+08	156630016	166370048
767	276200192	85220096	122080000	49199872	6840064	43049984	222419968	1.11E+08	156329984	166040064
768	275899904	84940032	121730048	49100032	8000000	46390016	222210048	1.11E+08	156079872	165750016
769	275570176	84659968	122050048	48659968	6980096	46110208	222150144	1.11E+08	155879936	165559808
770	275260160	84349952	121730048	48329984	6670080	45710080	221829888	1.11E+08	155689984	165639936
771	274969856	83840000	121550080	48329984	6329856	44790016	221519872	1.1E+08	155409920	165320192
772	274640128	83420160	121139968	48029952	5840128	44480000	221270016	1.1E+08	155149824	165009920
773	274340096	83129856	120669952	47790080	5540096	44389888	221169920	1.1E+08	154979840	164709888
774	274040064	82840064	120329984	50810112	5820160	44929792	220179968	1.1E+08	154830080	164360192
775	273630208	82560000	119849984	50650112	5530112	44630016	219970048	1.1E+08	154670080	164009984
776	273200128	87840000	119559936	51730176	6249984	44019968	219860224	1.09E+08	154500096	163749888
777	272869888	87510016	118439936	51409920	5929984	45290240	219549952	1.09E+08	154340096	163750144
778	272570112	87200000	120640000	51119872	7440128	47569920	219350016	1.09E+08	154169856	163440128
779	272280064	86909952	120790016	50840064	7140096	49090048	219350016	1.09E+08	153909760	163139840
780	271779840	86640128	120890112	50469888	7980032	51969792	219230208	1.09E+08	153690112	162820096
781	271450112	86269952	121019904	50170112	7570176	51689984	218769920	1.09E+08	153500160	162520064
782	271150080	85550080	120750080	49880064	7059968	52109824	218449920	1.08E+08	153339904	162330112
783	270839808	86429952	120329984	49689856	6609920	51820032	218360064	1.08E+08	153169920	162299904
784	270520064	86209792	120459776	49989888	11219968	51529984	218009856	1.08E+08	152909824	161990144
785	270220032	87579904	120009984	49710080	10620160	49530112	217689856	1.16E+08	152679936	161680128
786	269920256	87310080	118789888	49029888	10030080	49760000	217570048	1.16E+08	152510208	161609984
787	269629952	86990080	118449920	50310144	10649856	47460096	217250048	1.16E+08	152260096	161270016
788	269329920	86810112	118490112	50899968	11719936	49080064	217120000	1.15E+08	152029952	160969984
789	275350016	86539776	118060032	51149824	11429888	51130112	216809984	1.15E+08	151859968	160790016
790	275059968	86220032	117730048	50840064	11140096	52540160	216439808	1.15E+08	151539968	160440064
791	274739968	85649920	117289984	51070208	10769920	52259840	216389888	1.15E+08	150920192	160470016
792	274439936	85330176	116920064	50739968	11830016	57920000	216040192	1.15E+08	150569984	160329984
793	274150144	85009920	116409856	50449920	11490048	59430144	215720192	1.15E+08	150289920	160260096
794	273840128	84740096	116000256	50170112	10619904	59150080	215520000	1.14E+08	149839872	159970048
795	273549824	84460032	116179968	49880064	10310144	58859776	215190016	1.14E+08	149549824	159810048
796	273260032	84179968	115999744	49590016	9969920	58220032	215170048	1.14E+08	149410048	159739904
797	272969984	83859968	118919936	48829952	9609984	57910016	214819840	1.14E+08	148849920	159460096
798	272669952	83569920	119539968	50089984	9319936	57609984	214579968	1.14E+08	148610048	159160064
799	272380160	83239936	119369984	49959936	8879872	57319936	214480128	1.13E+08	148240128	159030016
800	271899904	82609920	124039936	51640064	8460032	57029888	213779968	1.13E+08	147859968	159159808
801	271340032	81810176	123820032	51360000	8029952	55070208	213590016	1.13E+08	147229952	158830080
802	271040000	81380096	123229952	51080192	7749888	48039936	213420032	1.13E+08	146710016	158520064
803	270569984	81039872	121330176	50789888	7450112	49420032	213370112	1.13E+08	146289920	158180096
804	270270208	81760000	125730048	50419968	7360000	49160192	213049856	1.12E+08	146070016	157880064
805	269959936	81430016	127209984	50089984	7399936	47879936	212729856	1.12E+08	145869824	157580032
806	269669888	81100032	135059968	51350016	7069952	48910080	212539904	1.12E+08	145690112	157289984
807	269370112	80220160	135079936	51290112	6670080	48120064	212440064	1.12E+08	145530112	157120000
808	269070080	79719936	138769920	52830208	6119936	47800064	212130048	1.12E+08	145339904	157270016
809	268689920	74419968	140450048	52549888	5819904	47849984	211930112	1.12E+08	145179904	156979968
810	268380160	73990144	140529920	59660032	5500160	47550208	211849984	1.11E+08	144999936	156650240
811	268080128	72999936	140140032	59790080	5029888	47260160	211539968	1.11E+08	144750080	156349952
812	267789824	73099776	139739904	59170048	5309952	46979840	211300096	1.11E+08	144250112	156029952
813	267500032	72819968	138810112	58870016	7069952	46660096	211440128	1.11E+08	143859968	155730176
814	267200000	72549888	138510080	58599936	8580096	46380032	211339776	1.11E+08	143579904	155440128
815	266909952	72230144	138179840	58459904	9090048	46090240	211020032	1.1E+08	143379968	155099904
816	266610176	71949824	137750016	58360064	8790016	45760000	210909952	1.1E+08	143210240	154919936
817	266259968	71670016	137499904	59510016	6130176	45469952	210579968	1.1E+08	143049984	154990080
818	265949952	71350016	137159936	61019904	6149888	45170176	210520064	1.1E+08	142889984	154680064
819	265660160	71000064	136669952	60449792	5840128	51040000	210390016	1.1E+08	142729984	154350080
820	265369856	71450112	136100096	60169984	5430016	51030016	209929984	1.09E+08	142540032	154060032
821	265060096	71180032	135800064	59709952	6780160	52120064	209850112	1.09E+08	142390016	153759744
822	264839936	70580224	135510016	59559936	6329856	52350208	209319936	1.09E+08	142230016	153270016
823	264710144	70240000	135079936	60320000	5910016	52899840	208989952	1.09E+08	142060032	153440000
824	264420096	69849856	134720000	61649920	5530112	56869888	208669952	1.09E+08	141910016	153499904
825	264109824	69560064	134250240	61369856	5110016	58959872	208470016	1.09E+08	141750016	153329920
826	263820032	69250048	131539968	62789888	4820224	59040000	208220160	1.08E+08	141570048	152999936
827	263529984	68820224	131239936	62480128	6909952	58329856	207899904	1.08E+08	141409792	153019904
828	263229952	72230144	130940160	62190080	7040000	58010112	207549952	1.08E+08	141260032	152969984
829	263020032	71170048	130640128	61660160	6680064	57639936	207410176	1.08E+08	141070080	152659968
830	262720000	73030144	130279936	61350144	5969920	58889984	207059968	1.08E+08	140910080	152260096
831	262319872	73740032	132069888	61059840	5239808	60900096	206940160	1.07E+08	140760064	152150016
832	262009856	74200064	133669888	60900096	9400064	60810240	206220032	1.07E+08	140569856	151909888
833	261710080	73819904	137989888	62820096	9000192	67840000	206120192	1.07E+08	140449792	151610112
834	261420032	73370112	139209984	62129920	8649984	67680000	205809920	1.07E+08	140199936	152000000
835	261079808	72969984	140630016	61779968	8760064	69360128	205489920	1.07E+08	139950080	151709952
836	260780032	72460032	140680192	61479936	8880128	69189888	205329920	1.07E+08	139729920	151379968
837	260489984	72210176	138820096	60280064	8430080	70419968	205010176	1.06E+08	139539968	151079936
838	260200192	71460096	138499840	59990016	8780032	72520192	204880128	1.06E+08	139369984	150770176
839	259899904	70490112	138210048	59919872	10150144	72719872	204579840	1.06E+08	139209984	150469888
840	259609856	69609984	137910016	59640064	9629952	72669952	204489984	1.06E+08	138929920	150179840
841	259320064	71859968	137549824	61289984	10740224	73120000	204009984	1.06E+08	138749952	149900032
842	259020032	71909888	137280000	64800000	10429952	73199872	203810048	1.05E+08	138550016	149609984
843	258720000	70599936	137050112	64509952	10089984	73110016	203449856	1.05E+08	138370048	149289984
844	258400000	70309888	137230080	63840000	9649920	72850176	203539968	1.05E+08	138070016	148950016
845	258109952	70030080	141400064	63360000	9359872	72670208	203389952	1.05E+08	137849856	148649984
846	257819904	70909952	141540096	63069952	9040128	86470144	203239936	1.05E+08	137319936	148339968
847	257520128	70590208	141150208	62780160	8379904	87899904	202960128	1.04E+08	136950016	148000000
848	257219840	70240000	140610048	62269952	10210048	87879936	202480128	1.04E+08	136690176	147849984
849	256930048	69859840	139840000	61969920	9929984	89319936	202119936	1.04E+08	136320000	148029952
850	256630016	69989888	139589888	61340160	11249920	90439936	202000128	1.04E+08	135940096	147709952
851	256339968	70130176	139299840	61029888	10749952	90729984	201700096	1.04E+08	135759872	147399936
852	256050176	69850112	138950144	61669888	10439936	90579968	201670144	1.04E+08	135589888	147080192
853	255750144	69509888	138699776	61380096	10029824	90439936	201319936	1.03E+08	135440128	146789888
854	255449856	69600000	138070016	61129984	9619968	91109888	200989952	1.03E+08	135270144	146459904
855	255160064	69659904	137769984	61310208	9060096	90980096	200679936	1.03E+08	135110144	146150144
856	254860032	69760000	140409856	61009920	8480000	90700032	200360192	1.03E+08	134939904	145839872
857	254529792	69479936	140120064	60690176	8130048	90439936	200160000	1.03E+08	134789888	145489920
858	254190080	69209856	139830016	60400128	7830016	90139904	199909888	1.02E+08	134670080	145330176
859	253769984	69220096	139539968	60109824	8089856	89979904	199549952	1.02E+08	134489856	145540096
860	253339904	68930048	139239936	59820032	7750144	89920000	199060224	1.02E+08	134309888	145249792
861	253050112	68600064	138710016	59020032	7859968	89210112	198880000	1.02E+08	134129920	144950016
862	252750080	68250112	138359808	58710016	7930112	89020160	198299904	1.02E+08	133939968	144649984
863	252449792	67719936	138060032	60870144	8069888	91429888	198240000	1.02E+08	133760000	144359936
864	252160000	67420160	137549824	63599872	7200256	91300096	197910016	1.01E+08	133570048	144060160
865	251869952	67119872	137210112	63439872	8610048	90589952	197560064	1.01E+08	133410048	143769856
866	251580160	66839808	136640000	64750080	8389888	90599936	197299968	1.01E+08	133199872	143439872
867	251280128	66520064	135609856	64229888	8109824	90309888	196969984	1.01E+08	132780032	143130112
868	250989824	66190080	135150080	63920128	9750016	89700096	196660224	1.01E+08	132509952	143040000
869	250690048	65909760	132580096	63820032	9129984	89380096	196460032	1.01E+08	132329984	142759936
870	250390016	65619968	132229888	63809792	9329920	88579840	196369920	1E+08	132179968	142710016
871	250060032	65069824	131529984	63790080	9009920	87819776	195820032	1E+08	131859968	142409984
872	249710080	64200192	131249920	63990016	7460096	87630080	195660032	99970048	131630080	142099968
873	249410048	63830016	130880000	65459968	7000064	87660032	195340032	99759872	131459840	141809920
874	248700160	63449856	130070016	65310208	6370048	87360000	195140096	99579904	131289856	141509888
875	248400128	63049984	129730048	65270016	9899776	87070208	194869760	99430144	131089920	141220096
876	247719936	62749952	129370112	65120000	10400000	86609920	194560000	99190016	130860032	141039872
877	247410176	62459904	128979968	65040128	10319872	86269952	194330112	99040000	130679808	141080064
878	247109888	62170112	128620032	64940032	12079872	86190080	194230016	98860032	130519808	140780032
879	246819840	61799936	128029952	64879872	11660032	86320128	193920000	98649856	130230016	140460032
880	246080000	64679936	127459840	63630080	11259904	86860032	193719808	98489856	129760000	140140032
881	245789952	64239872	127080192	63650048	10509824	88009984	193380096	98240000	129489920	139840000
882	245489920	63900160	126749952	74379776	10190080	87859968	193319936	98070016	129319936	139670016
883	245190144	63620096	126009856	74240000	9869824	88600064	193010176	97890048	129090048	139599872
884	244899840	63289856	125129984	74060032	10230016	88489984	192690176	97669888	128929792	139269888
885	244599808	63000064	124039936	73750016	9409792	88400128	192489984	97509888	128750080	138930176
886	243900160	62700032	123460096	73570048	8710144	88029952	192439808	97329920	128610048	138720000
887	243269888	62089984	120940032	73420032	8399872	88349952	192329984	97170176	128430080	138650112
888	242970112	61550080	120630016	73289984	8069888	88970240	192230144	97010176	128239872	138350080
889	242540032	61019904	120310016	72869888	7650048	89059840	191880192	96800000	128089856	138089984
890	242179840	60619776	119990016	72850176	7350016	89799936	191749888	96590080	127940096	137910016
891	241890048	60300032	119689984	71489792	7030016	89769984	191439872	96470016	127770112	137920000
892	241600000	60000000	119390208	71220224	10810112	89480192	191279872	96120064	127570176	137609984
893	241299968	59710208	119099904	71119872	11620096	89179904	190830080	95960064	127430144	137319936
894	240979968	59409920	118749952	71049984	11340032	89009920	190770176	94700032	127249920	137019904
895	240679936	59089920	118460160	71200000	10939904	88930048	190429952	94499840	127079936	136790016
896	240379904	58760192	118170112	71119872	10510080	88640000	190109952	94309888	126899968	136780032
897	240090112	58469888	117869824	71020032	13920000	88339968	189750016	94149888	126740224	136470016
898	239800064	58189824	117410048	71229952	13440000	88169984	189579776	94000128	126569984	136109824
899	239510016	57890048	117110016	70550016	12800000	88359936	189359872	93820160	126400000	135800064
900	239209984	57600000	116800000	69479936	12499968	88060160	189040128	93619968	126129920	135680000
901	238919936	57309952	116509952	69730048	12089856	87759872	188730112	93440000	125900032	135390208
902	238620160	57020160	116219904	69629952	11660032	87460096	188530176	93229824	125719808	135259904
903	238320128	56719872	115920128	69530112	12120064	87170048	188399872	93049856	125559808	134969856
904	238029824	56430080	115520000	68809984	10890240	86799872	188130048	92880128	125390080	134810112
905	237740032	56140032	115219968	68609792	10550016	86499840	187939840	92659968	125270016	134810112
906	237440000	55789824	114920192	68679936	10220032	86590208	187810048	92509952	125080064	134499840
907	237149952	55490048	114630144	68549888	9900032	86290176	187520000	92339968	124930048	134210048
908	236850176	55160064	114249984	68489984	9580032	85999872	187320064	92129792	124640000	133920000
909	236549888	54870016	113920000	67480064	9289984	85059840	187189760	91990016	124420096	133780224
910	236259840	54510080	113619968	67170048	10589952	84760064	186919936	91760128	124169984	133479936
911	235970048	54200064	113329920	66980096	10179840	84460032	186720000	91590144	124009984	133359872
912	235680000	53920000	112969984	66960128	9760000	84170240	186550016	91439872	123859968	133019904
913	235369984	53590016	112569856	66200064	9369856	83330048	186400000	91229952	123689984	132859904
914	235079936	53299968	112189952	65850112	8930048	83150080	186339840	90999808	123529984	132750080
915	234829824	52999936	111890176	65540096	10190080	82350080	185999872	90850048	123359744	132450048
916	234540032	52720128	111510016	66389760	9890048	81420032	185680128	90680064	123209984	132259840
917	234169856	52399872	111009792	66759936	9229824	81110016	185480192	90439936	122899968	132270080
918	233830144	52059904	110490112	66489856	8780032	80809984	185379840	90330112	122660096	131970048
919	233530112	51770112	110080000	66380032	8359936	80800000	185039872	90020096	122489856	131659776
920	233169920	51479808	109480192	66469888	7760128	80920064	184669952	89810176	122319872	131360000
921	232090112	51160064	109019904	66370048	10240000	80800000	184229888	89659904	122160128	131069952
922	224339968	50860032	108179968	66380032	9850112	81129984	183919872	89440000	121990144	130850048
923	224019968	50540032	107880192	66450176	9560064	81489920	183680000	89270016	121840128	130809856
924	223720192	50210048	107529984	66430208	9139968	81340160	183550208	89080064	121670144	130510080
925	223429888	49920000	107129856	66050048	8349952	81200128	183269888	88850176	121509888	130180096
926	223079936	49629952	106700032	65750016	7919872	82020096	183069952	88679936	121249792	129899776
927	222780160	49330176	109270016	65420032	7600128	82130176	182939904	88509952	120909824	129720064
928	222489856	49019904	108979968	65230080	7309824	82439936	182630144	88339968	120640000	129570048
929	222189824	48729856	108489984	65110016	6739968	82340096	182430208	88089856	120460032	129540096
930	221890048	48440064	107719936	64820224	5870080	82350080	182299904	87930112	120290048	129629952
931	221600000	48140032	107419904	64679936	7130112	83030016	182190080	87739904	120140032	129619968
932	221300224	47820032	106950144	64349952	6710016	83150080	182029824	87549952	119960064	129289984
933	221009920	47419904	106520064	65270016	5719808	83120128	181680128	87360000	119820032	128940032
934	220709888	47209984	106240000	65149952	5799936	82889984	181360128	87239936	119699968	128669952
935	220410112	46889984	105949952	65509888	5460224	82610176	181209856	86990080	119529984	128450048
936	220120064	46590208	105459968	65659904	5629952	81799936	180470016	86800128	119150080	128410112
937	219820032	46220032	105110016	65580032	5230080	82230016	180130048	86649856	118919936	128110080
938	219520000	45580032	104169984	65330176	5499904	81980160	179930112	86449920	118720000	127809792
939	219219968	45110016	103749888	64380160	4649984	81690112	179840000	86300160	118560000	127480064
940	218929920	44679936	102190080	64140032	3620096	81239808	179529984	86110208	118440192	127610112
941	218640128	44049920	101860096	64049920	3310080	80730112	179170048	85920000	118259968	127639808
942	218340096	43219968	101559808	63480064	3740160	80429824	178749952	85730048	118070016	127640064
943	218039808	42820096	99650048	63320064	4400128	79790080	178469888	85560064	117910016	127660032
944	217750016	42529792	99299840	63020032	5399808	79539968	178150144	85389824	117740032	127520000
945	217449984	42119936	98999808	62840064	4760064	79200000	177700096	85229824	117580032	127420160
946	217159936	41779968	98560000	62780160	5370112	78899968	177660160	85010176	117410048	127099904
947	215450112	41400064	98119936	62489856	4869888	78660096	177469952	84809984	117260032	126980096
948	214949888	40070144	97810176	61129984	4250112	78370048	177339904	84640000	117110016	127010048
949	214650112	39749888	97520128	60960000	3950080	80029952	177020160	84470016	116930048	126950144
950	214320128	39140096	97229824	60270080	5420032	79689984	176850176	84310016	116750080	126659840
951	214019840	34109952	96920064	60179968	6070016	79389952	176809984	84099840	116579840	126330112
952	213720064	33799936	96519936	59879936	5679872	79100160	176499968	83900160	116429824	126610176
953	213430016	33459968	96140032	59590144	6119936	78799872	176150016	83740160	116280064	126459904
954	213139968	32960000	95770112	58990080	6610176	78330112	175819776	83559936	116000000	126469888
955	212840192	32549888	95470080	58790144	6329856	78060032	175640064	83409920	115760128	126180096
956	212539904	32260096	95129856	59320064	5960192	77769984	175569920	83190016	115619840	125880064
957	212249856	31849984	94830080	59429888	4989952	77440000	175090176	83009792	115459840	125590016
958	213750016	30149888	94530048	59420160	4669952	77100032	174760192	82799872	115289856	125550080
959	213280000	29740032	94180096	59910144	6619904	76800000	174310144	82620160	115170048	125260032
960	212979968	29379840	93750016	59820032	7299840	75600128	174200064	82470144	115020032	124940032
961	212669952	29220096	93430016	58799872	7699968	75289856	173849856	82249984	114749952	124940032
962	212369920	28300032	93140224	58660096	9470208	74979840	173639936	82089984	114400256	124570112
963	212080128	27999744	92849920	58779904	9449984	74690048	173540096	81900032	114099968	124250112
964	211790080	26970112	92470016	58680064	9059840	74350080	173490176	81760000	113900032	123919872
965	211419904	26599936	92100096	58390016	11369984	74060032	173219840	81530112	113750016	123600128
966	210310144	26260224	91810048	57260032	11040000	73430016	172640000	81380096	113590016	123170048
967	209939968	25890048	91520000	56940032	10000128	73129984	172429824	81139968	113280000	122819840
968	209630208	25609984	91219968	56590080	9569792	72829952	172259840	80960000	112809984	122500096
969	209329920	25320192	90109952	56280064	9270016	72540160	172169984	80750080	112489984	122180096
970	209039872	25019904	89390080	55990016	8930048	72239872	171840000	80589824	112199936	121890048
971	208720128	24699904	88989952	55760128	8429824	71909888	171529984	80370176	112059904	121729792
972	208420096	24410112	87589888	55419904	7990016	71200000	171459840	80179968	111890176	122530048
973	208119808	24039936	86050048	55120128	8380160	70850048	171110144	79930112	111740160	122200064
974	207830016	23539968	84509952	55080192	8100096	70560000	170800128	79749888	111590144	121889792
975	207490048	23170048	84109824	54780160	7990016	70259968	170670080	79579904	111419904	121590016
976	207200000	22880000	83670016	54449920	8150016	69959936	170039808	79369984	111259904	121289984
977	206860032	22590208	83369984	54099968	8079872	69659904	169829888	79209984	111110144	120999936
978	206560000	22289920	82999808	53820160	9899776	69370112	169740032	78990080	110960128	120670208
979	206260224	22870016	82630144	53629952	9449984	69070080	169090048	78810112	110790144	120359936
980	205720064	22360064	82289920	52320000	9159936	68770048	168559872	78640128	110530048	120049920
981	205369856	22009856	81990144	52240128	8770048	68440064	168440064	78479872	109839872	119750144
982	205030144	21530112	81700096	50660096	8229888	68150016	168339968	78269952	109549824	119450112
983	204669952	21179904	81309952	50540032	7650048	67849984	168030208	78100224	109110016	119119872
984	204379904	20119808	80890112	50449920	9229824	67510016	167909888	77929984	108450048	118820096
985	204070144	19820032	80410112	50390016	8829952	67200000	167589888	77750016	108019968	118500096
986	203780096	19520000	79469824	50300160	8529920	66899968	167270144	77550080	107630080	118179840
987	203489792	19230208	79100160	50220032	8200192	66590208	167140096	77369856	107360000	117870080
988	202670080	18940160	78109952	50320128	7820032	66289920	166829824	77159936	107179776	117570048
989	202360064	18649856	77689856	49979904	6609920	65999872	166609920	76989952	106820096	117279744
990	202059776	18150144	77370112	49890048	5880064	65700096	166320128	76839936	106409984	116979968
991	201769984	17750016	76760064	50019840	5459968	65410048	165990144	76679936	106020096	116580096
992	201459968	17110016	76390144	49920000	5289984	64610048	165799936	76509952	105600000	116190208
993	201149952	16760064	76080128	49760000	4869888	64290048	165629952	76349952	105379840	115820032
994	200859904	16349952	75680000	50750208	4509952	63980032	165440000	76109824	105159936	115800064
995	200389888	15699968	74490112	50590208	4130048	63689984	165270016	75940096	104979968	115479808
996	200080128	15270144	74020096	50519808	3630080	63390208	165110016	75760128	104829952	115190016
997	199790080	14690048	73590016	49840128	2810112	62660096	164760064	75539968	104560128	114889984
998	199479808	14269952	73000192	49499904	2680064	62349824	164549888	75360000	104329984	114589952
999	199190016	13840128	72369920	49299968	2710016	62010112	163769856	75149824	104150016	114089984
										
										
										
