170,1475843485218152046,1475843485222754955
171,1475843485220680952,1475843485226409912
172,1475843485221071958,1475843485249016046
173,1475843485221429109,1475843485263360023
174,1475843485221780061,1475843485263447999
175,1475843485222131967,1475843485267951965
176,1475843485222486972,1475843485273032903
177,1475843485223124980,1475843485275484085
178,1475843485223561048,1475843485275791883
179,1475843485223918914,1475843485275867938
180,1475843485224271059,1475843485275938987
181,1475843485224703073,1475843485277827978
182,1475843485225068092,1475843485282929897
183,1475843485225533962,1475843485285131931
184,1475843485225883960,1475843485285491943
185,1475843485226239919,1475843485285566091
186,1475843485226814031,1475843485298254966
187,1475843485227174997,1475843485298337936
188,1475843485227526903,1475843485300976991
189,1475843485227912902,1475843485301558017
190,1475843485228346109,1475843485303006887
191,1475843485228699922,1475843485318778038
192,1475843485229052066,1475843485318913936
193,1475843485229408025,1475843485320684909
194,1475843485229796886,1475843485320759057
195,1475843485230156898,1475843485320832967
196,1475843485230505943,1475843485320904970
197,1475843485230858087,1475843485321085929
198,1475843485231211900,1475843485323658943
199,1475843485231561899,1475843485328591108
200,1475843485231913089,1475843485328679084
201,1475843485232265949,1475843485329924106
202,1475843485232616901,1475843485333597898
203,1475843485233021020,1475843485333687067
204,1475843485233375072,1475843485334686040
205,1475843485233725070,1475843485335266113
206,1475843485234075069,1475843485335777044
207,1475843485234428882,1475843485335855007
208,1475843485234780073,1475843485336764097
209,1475843485235131025,1475843485340852022
210,1475843485235481977,1475843485340930938
211,1475843485235832929,1475843485343277931
212,1475843485236183881,1475843485345499992
213,1475843485236540079,1475843485345576047
214,1475843485236891031,1475843485347520112
215,1475843485237241983,1475843485347596883
216,1475843485237591981,1475843485348021984
217,1475843485237940073,1475843485348097085
218,1475843485238295078,1475843485348167896
219,1475843485238646030,1475843485348239898
220,1475843485238997936,1475843485348313093
221,1475843485239347934,1475843485348382949
222,1475843485239778041,1475843485348457098
223,1475843485240137100,1475843485356774091
224,1475843485240488052,1475843485356851100
225,1475843485240838050,1475843485357454061
226,1475843485241193056,1475843485357530117
227,1475843485241547107,1475843485362019062
228,1475843485241898059,1475843485362102031
229,1475843485242249011,1475843485362174034
230,1475843485242599010,1475843485365070104
231,1475843485242980003,1475843485365150928
232,1475843485243331909,1475843485366777896
233,1475843485243685007,1475843485368984937
234,1475843485244036912,1475843485369064092
235,1475843485244389057,1475843485369155883
236,1475843485244738101,1475843485370771884
237,1475843485245088100,1475843485370918989
238,1475843485245439052,1475843485370994091
239,1475843485245791912,1475843485371066093
240,1475843485246145009,1475843485371136903
241,1475843485246495962,1475843485393387079
242,1475843485246846914,1475843485393472909
243,1475843485247195959,1475843485393544912
244,1475843485247546911,1475843485393652915
245,1475843485247899055,1475843485394140005
246,1475843485248250961,1475843485394234895
247,1475843485248600959,1475843485394308090
248,1475843485249274015,1475843485394382953
249,1475843485249717950,1475843485394866943
250,1475843485250073909,1475843485401233911
251,1475843485250426054,1475843485401312112
252,1475843485250778913,1475843485401385068
253,1475843485251133918,1475843485401458024
254,1475843485251486063,1475843485401956081
255,1475843485251835107,1475843485403323888
256,1475843485252187013,1475843485403399944
257,1475843485252537012,1475843485403470993
258,1475843485252919912,1475843485405385017
259,1475843485253273963,1475843485407591104
260,1475843485253668069,1475843485407670021
261,1475843485254028081,1475843485411751031
262,1475843485254375934,1475843485411909103
263,1475843485254728078,1475843485411983966
264,1475843485255084037,1475843485413590908
265,1475843485255436897,1475843485413670063
266,1475843485255788087,1475843485414103031
267,1475843485256140947,1475843485414177894
268,1475843485256491899,1475843485414550065
269,1475843485256844997,1475843485414706945
270,1475843485257194042,1475843485430515050
271,1475843485257544994,1475843485432771921
272,1475843485257894039,1475843485432847976
273,1475843485258245944,1475843485432965040
274,1475843485258615016,1475843485433037042
275,1475843485258965015,1475843485434950113
276,1475843485259318113,1475843485435028076
277,1475843485259670972,1475843485435101032
278,1475843485260020971,1475843485435173988
279,1475843485260375022,1475843485435275077
280,1475843485260725975,1475843485435349941
281,1475843485261077880,1475843485435420036
282,1475843485261426925,1475843485435492038
283,1475843485261776924,1475843485435564994
284,1475843485262131929,1475843485435635089
285,1475843485262484073,1475843485435709953
286,1475843485262835025,1475843485435811042
287,1475843485263216972,1475843485435887098
288,1475843485263777017,1475843485436650037
289,1475843485264137983,1475843485436728954
290,1475843485264560937,1475843485436861038
291,1475843485264924049,1475843485436937093
292,1475843485265279054,1475843485437134981
293,1475843485265630960,1475843485437323093
294,1475843485266042947,1475843485437395095
295,1475843485266403913,1475843485437463045
296,1475843485266757965,1475843485437534093
297,1475843485267108917,1475843485437988042
298,1475843485267460107,1475843485438059091
299,1475843485267812013,1475843485438162088
300,1475843485268229007,1475843485438235044
301,1475843485268584012,1475843485439762115
302,1475843485268934011,1475843485439838886
303,1475843485269284963,1475843485439909934
304,1475843485269634962,1475843485440047979
305,1475843485269990921,1475843485440121889
306,1475843485270344018,1475843485442109107
307,1475843485270694971,1475843485442539930
308,1475843485271045923,1475843485442615985
309,1475843485271397113,1475843485443840026
310,1475843485271749019,1475843485444263935
311,1475843485272104978,1475843485444340944
312,1475843485272454023,1475843485445580959
313,1475843485272804021,1475843485445657968
314,1475843485273396015,1475843485445729970
315,1475843485273751974,1475843485448765993
316,1475843485274105072,1475843485448844909
317,1475843485274497032,1475843485451035022
318,1475843485274928092,1475843485451409101
319,1475843485276222944,1475843485451483011
320,1475843485276591062,1475843485451613903
321,1475843485276946067,1475843485451688051
322,1475843485277293920,1475843485452986001
323,1475843485277646064,1475843485453061103
324,1475843485278124094,1475843485453131914
325,1475843485278480052,1475843485463680982
326,1475843485278834104,1475843485463759899
327,1475843485279186964,1475843485463831901
328,1475843485279536962,1475843485466823101
329,1475843485279902935,1475843485467252969
330,1475843485280256032,1475843485467329025
331,1475843485280606985,1475843485468868970
332,1475843485280958890,1475843485468974113
333,1475843485281308889,1475843485476234912
334,1475843485281658887,1475843485476314067
335,1475843485282010078,1475843485476733922
336,1475843485282398939,1475843485476809024
337,1475843485282754898,1475843485476924896
338,1475843485283233880,1475843485477797985
339,1475843485283587932,1475843485480000972
340,1475843485283941984,1475843485487951040
341,1475843485284292936,1475843485498110055
342,1475843485284645080,1475843485498538970
343,1475843485284996032,1475843485498615980
344,1475843485285881996,1475843485503767013
345,1475843485286252021,1475843485503844022
346,1475843485286626100,1475843485503914117
347,1475843485286986112,1475843485504019021
348,1475843485287339925,1475843485504090070
349,1475843485287693977,1475843485506756067
350,1475843485288074016,1475843485506894111
351,1475843485288427114,1475843485509278059
352,1475843485288779020,1475843485509357929
353,1475843485289127111,1475843485509430885
354,1475843485289475917,1475843485509500980
355,1475843485289825916,1475843485510142087
356,1475843485290174007,1475843485510217905
357,1475843485290527105,1475843485521123886
358,1475843485290880918,1475843485522789001
359,1475843485291232109,1475843485522893905
360,1475843485291582107,1475843485522967100
361,1475843485291930913,1475843485523041009
362,1475843485292282104,1475843485523114919
363,1475843485292630910,1475843485523185968
364,1475843485293025016,1475843485523257970
365,1475843485293375968,1475843485523329019
366,1475843485293728113,1475843485530961036
367,1475843485294079065,1475843485540184974
368,1475843485294429063,1475843485540267944
369,1475843485294779062,1475843485540342092
370,1475843485295131921,1475843485540415048
371,1475843485295485019,1475843485540523052
372,1475843485295835018,1475843485540977954
373,1475843485296185016,1475843485541193962
374,1475843485296535015,1475843485541269063
375,1475843485296885967,1475843485541403055
376,1475843485297235965,1475843485541477918
377,1475843485297585964,1475843485541925907
378,1475843485297935962,1475843485546066045
379,1475843485298593997,1475843485546145915
380,1475843485298949003,1475843485548369884
381,1475843485299300909,1475843485548748970
382,1475843485299650907,1475843485548823118
383,1475843485300000905,1475843485548898935
384,1475843485300393104,1475843485548969984
385,1475843485300789117,1475843485549077033
386,1475843485301268100,1475843485549149990
387,1475843485301963090,1475843485549223899
388,1475843485302334070,1475843485549298048
389,1475843485303294897,1475843485549366950
390,1475843485303653955,1475843485554763078
391,1475843485304008960,1475843485554903984
392,1475843485304361104,1475843485558115005
393,1475843485304711103,1475843485558192968
394,1475843485305062055,1475843485558264017
395,1475843485305413961,1475843485558337926
396,1475843485305767059,1475843485558410882
397,1475843485306118965,1475843485558481931
398,1475843485306468963,1475843485560987949
399,1475843485306821107,1475843485561063051
400,1475843485307212114,1475843485562972068
401,1475843485307606935,1475843485563047885
402,1475843485307959079,1475843485563538074
403,1475843485308379888,1475843485563608884
404,1475843485308737039,1475843485563679933
405,1475843485309088945,1475843485563746929
406,1475843485309442996,1475843485563815116
407,1475843485309796094,1475843485563885927
408,1475843485310148954,1475843485563954114
409,1475843485310533046,1475843485564019918
410,1475843485310950994,1475843485564085960
411,1475843485311306953,1475843485564152956
412,1475843485311656951,1475843485564249038
413,1475843485312006950,1475843485564317941
414,1475843485312359094,1475843485564610004
415,1475843485312711000,1475843485564681053
416,1475843485313097953,1475843485564748048
417,1475843485313450098,1475843485564882040
418,1475843485313818931,1475843485564953088
419,1475843485314172029,1475843485565020084
420,1475843485314558029,1475843485565203905
421,1475843485314976930,1475843485565274953
422,1475843485315331935,1475843485565345048
423,1475843485315682888,1475843485565412998
424,1475843485316035032,1475843485565597057
425,1475843485316385984,1475843485565664052
426,1475843485316740036,1475843485565743923
427,1475843485317094087,1475843485565810918
428,1475843485317445039,1475843485565879106
429,1475843485317797899,1475843485566061973
430,1475843485318150997,1475843485566133975
431,1475843485318536043,1475843485566200971
432,1475843485319336891,1475843485566518068
433,1475843485319694042,1475843485566589117
434,1475843485320045948,1475843485566658973
435,1475843485320398092,1475843485566728115
436,1475843485321389913,1475843485566863059
437,1475843485321755886,1475843485566936016
438,1475843485322117090,1475843485567006111
439,1475843485322468042,1475843485567132949
440,1475843485322820901,1475843485567204952
441,1475843485323215961,1475843485567451953
442,1475843485323582887,1475843485567521095
443,1475843485324145078,1475843485567590951
444,1475843485324542045,1475843485567658901
445,1475843485324893951,1475843485567842960
446,1475843485325592994,1475843485567914009
447,1475843485325951099,1475843485567981958
448,1475843485326311111,1475843485568051099
449,1475843485326663017,1475843485568120002
450,1475843485327016115,1475843485568322896
451,1475843485327367067,1475843485568391084
452,1475843485327881097,1475843485568463087
453,1475843485330383062,1475843485568563938
454,1475843485330781936,1475843485568636894
455,1475843485331137895,1475843485568734884
456,1475843485331490993,1475843485568803071
457,1475843485331842899,1475843485569019079
458,1475843485332194089,1475843485569089889
459,1475843485334444999,1475843485569155931
460,1475843485335015058,1475843485569226026
461,1475843485335571050,1475843485569294929
462,1475843485336189031,1475843485569474935
463,1475843485336653947,1475843485569694042
464,1475843485337188005,1475843485569765090
465,1475843485337541103,1475843485569832086
466,1475843485337896108,1475843485569967031
467,1475843485338251113,1475843485570039033
468,1475843485338603019,1475843485570106029
469,1475843485338953971,1475843485570175886
470,1475843485339306116,1475843485570244073
471,1475843485339658975,1475843485570422887
472,1475843485340010881,1475843485570657014
473,1475843485340363979,1475843485570843935
474,1475843485340715885,1475843485570914030
475,1475843485341243028,1475843485571038007
476,1475843485341598033,1475843485571110963
477,1475843485341953992,1475843485571181058
478,1475843485342310905,1475843485571357011
479,1475843485342664957,1475843485571489095
480,1475843485343065023,1475843485571554899
481,1475843485343569993,1475843485571621894
482,1475843485343931913,1475843485571985006
483,1475843485344286918,1475843485572057008
484,1475843485344640016,1475843485572124958
485,1475843485344993114,1475843485572258949
486,1475843485345345020,1475843485572329998
487,1475843485345900058,1475843485572396039
488,1475843485346256971,1475843485572465896
489,1475843485346611022,1475843485572535037
490,1475843485346963882,1475843485572601079
491,1475843485347317934,1475843485572671890
492,1475843485347852945,1475843485572843074
493,1475843485348745107,1475843485572952985
494,1475843485349098920,1475843485573024034
495,1475843485349455118,1475843485573092937
496,1475843485349808931,1475843485573220014
497,1475843485350162982,1475843485573463916
498,1475843485350514888,1475843485573535919
499,1475843485350867986,1475843485573720932
500,1475843485351221084,1475843485573791027
501,1475843485351573944,1475843485573859930
502,1475843485351927042,1475843485573926925
503,1475843485352279901,1475843485573997974
504,1475843485352636098,1475843485574120044
505,1475843485353023052,1475843485574250936
506,1475843485353379011,1475843485574346065
507,1475843485353729963,1475843485574419021
508,1475843485354083061,1475843485574487924
509,1475843485354434967,1475843485574621915
510,1475843485354788064,1475843485574692964
511,1475843485355140924,1475843485574758052
512,1475843485355494976,1475843485574891090
513,1475843485355846881,1475843485574958086
514,1475843485356200933,1475843485575026988
515,1475843485356554031,1475843485575093984
516,1475843485357266902,1475843485575161933
517,1475843485357796907,1475843485575231075
518,1475843485358222961,1475843485575298070
519,1475843485358577013,1475843485575361967
520,1475843485358933925,1475843485575428962
521,1475843485359285116,1475843485575826883
522,1475843485359637022,1475843485575896978
523,1475843485359986066,1475843485575967073
524,1475843485360337972,1475843485576034069
525,1475843485360690116,1475843485576103925
526,1475843485361042976,1475843485576173067
527,1475843485361393928,1475843485576240062
528,1475843485362509965,1475843485580396890
529,1475843485362906932,1475843485580539941
530,1475843485363262891,1475843485580610990
531,1475843485365408897,1475843485580799102
532,1475843485365803956,1475843485580869913
533,1475843485366159915,1475843485580938100
534,1475843485366530895,1475843485581007957
535,1475843485367074012,1475843485581073999
536,1475843485367430925,1475843485581199884
537,1475843485367785930,1475843485581270933
538,1475843485368143081,1475843485581338882
539,1475843485368496894,1475843485581473112
540,1475843485368849039,1475843485581538915
541,1475843485369499921,1475843485581604957
542,1475843485369878053,1475843485581789016
543,1475843485370238065,1475843485582029104
544,1475843485370629072,1475843485582156896
545,1475843485371510982,1475843485582226037
546,1475843485371870040,1475843485582293987
547,1475843485372222900,1475843485582361936
548,1475843485372575998,1475843485582432031
549,1475843485372967958,1475843485582498073
550,1475843485373321056,1475843485582567930
551,1475843485373672962,1475843485582636117
552,1475843485374027013,1475843485582703113
553,1475843485374381065,1475843485582772970
554,1475843485374733924,1475843485582895040
555,1475843485375086069,1475843485583090066
556,1475843485375473022,1475843485583161115
557,1475843485375825881,1475843485583347082
558,1475843485376182079,1475843485583417892
559,1475843485376535892,1475843485583486080
560,1475843485376888036,1475843485583556890
561,1475843485377239942,1475843485583627939
562,1475843485377592086,1475843485583803892
563,1475843485377942085,1475843485583877086
564,1475843485378297090,1475843485583945035
565,1475843485378649950,1475843485584078073
566,1475843485379002094,1475843485584147930
567,1475843485379354000,1475843485584218978
568,1475843485379704952,1475843485584346055
569,1475843485380060911,1475843485584414958
570,1475843485380422115,1475843485584602117
571,1475843485380774974,1475843485584673881
572,1475843485381125926,1475843485584806919
573,1475843485381477117,1475843485584877967
574,1475843485381829023,1475843485584943056
575,1475843485382184982,1475843485585102081
576,1475843485382536888,1475843485585174083
577,1475843485382921934,1475843485585345029
578,1475843485383276939,1475843485585449934
579,1475843485383670091,1475843485585520982
580,1475843485384030103,1475843485585591077
581,1475843485384380102,1475843485585659980
582,1475843485384731054,1475843485585781097
583,1475843485385082960,1475843485585848093
584,1475843485385433912,1475843485585917949
585,1475843485385786056,1475843485586064100
586,1475843485386152029,1475843485586134910
587,1475843485386507034,1475843485586205005
588,1475843485386858940,1475843485586393117
589,1475843485387211084,1475843485586464881
590,1475843485387562990,1475843485586601018
591,1475843485387914896,1475843485586669921
592,1475843485388269901,1475843485586740016
593,1475843485388622999,1475843485586806058
594,1475843485388974905,1475843485586873054
595,1475843485389327049,1475843485586942911
596,1475843485389678955,1475843485587008953
597,1475843485390031099,1475843485587186098
598,1475843485390386104,1475843485587255954
599,1475843485390738964,1475843485587323904
600,1475843485391089916,1475843485587456941
601,1475843485391441106,1475843485587527990
602,1475843485391793012,1475843485587594985
603,1475843485392147064,1475843485587992906
604,1475843485392499923,1475843485588063955
605,1475843485392880916,1475843485588131904
606,1475843485393253087,1475843485588306903
607,1475843485393974065,1475843485588376998
608,1475843485394722938,1475843485588447093
609,1475843485395210981,1475843485588514089
610,1475843485395567893,1475843485588783025
611,1475843485395921945,1475843485588851928
612,1475843485396274089,1475843485588921070
613,1475843485396626949,1475843485589063882
614,1475843485396979093,1475843485589190006
615,1475843485397330999,1475843485589261054
616,1475843485397685050,1475843485589329004
617,1475843485398040056,1475843485589395999
618,1475843485398401975,1475843485589464902
619,1475843485398756027,1475843485589530944
620,1475843485399106979,1475843485589663982
621,1475843485399462938,1475843485589735031
622,1475843485399815082,1475843485589909076
623,1475843485400167942,1475843485590229034
624,1475843485400521993,1475843485591471910
625,1475843485401036977,1475843485591546058
626,1475843485401798963,1475843485591619014
627,1475843485402266979,1475843485591682910
628,1475843485402627944,1475843485591751098
629,1475843485403017997,1475843485591914892
630,1475843485403723001,1475843485591978073
631,1475843485404083967,1475843485592036962
632,1475843485404437065,1475843485592094898
633,1475843485404792070,1475843485592153072
634,1475843485405145883,1475843485592210054
635,1475843485405679941,1475843485592267990
636,1475843485406034946,1475843485592395067
637,1475843485406389951,1475843485592453956
638,1475843485406742095,1475843485592510938
639,1475843485407097101,1475843485592567920
640,1475843485407454967,1475843485592626094
641,1475843485407958030,1475843485592683076
642,1475843485408384084,1475843485592920064
643,1475843485408740043,1475843485593797922
644,1475843485409092903,1475843485594134092
645,1475843485409447908,1475843485595729112
646,1475843485409806966,1475843485599468946
647,1475843485410161972,1475843485599741935
648,1475843485410516977,1475843485599803924
649,1475843485410868883,1475843485599863052
650,1475843485411221027,1475843485600032091
651,1475843485411573886,1475843485602003097
652,1475843485412265062,1475843485602322101
653,1475843485412635087,1475843485603980064
654,1475843485413031101,1475843485607700109
655,1475843485413387060,1475843485607939004
656,1475843485413944959,1475843485608000040
657,1475843485414478063,1475843485608284950
658,1475843485414984941,1475843485608345985
659,1475843485415340900,1475843485608405113
660,1475843485415699005,1475843485608463048
661,1475843485416053056,1475843485610901117
662,1475843485416407108,1475843485611186981
663,1475843485416760921,1475843485611248016
664,1475843485417378902,1475843485611306905
665,1475843485417776107,1475843485611365079
666,1475843485418139934,1475843485611531972
667,1475843485418498039,1475843485612652063
668,1475843485418849945,1475843485613487005
669,1475843485419202089,1475843485614660978
670,1475843485419553995,1475843485615833044
671,1475843485419940948,1475843485616183996
672,1475843485420298099,1475843485617403030
673,1475843485420650005,1475843485618958950
674,1475843485421001911,1475843485619272947
675,1475843485421355009,1475843485619334936
676,1475843485421710014,1475843485619394063
677,1475843485422063112,1475843485619451045
678,1475843485422427892,1475843485619621038
679,1475843485422780990,1475843485620007991
680,1475843485423172950,1475843485620398998
681,1475843485423525094,1475843485623068094
682,1475843485423877000,1475843485626859903
683,1475843485424227952,1475843485627702951
684,1475843485424582004,1475843485629192113
685,1475843485424935102,1475843485636073112
686,1475843485425286054,1475843485636795997
687,1475843485425637960,1475843485640584945
688,1475843485425988912,1475843485644404888
689,1475843485426342964,1475843485646451950
690,1475843485430828094,1475843485647262096
691,1475843485431204080,1475843485651104927
692,1475843485431560039,1475843485651573896
693,1475843485431910991,1475843485653405904
694,1475843485432261943,1475843485662417888
695,1475843485432612895,1475843485663211107
696,1475843485433377027,1475843485664019107
697,1475843485433738946,1475843485664455890
698,1475843485434093952,1475843485667433023
699,1475843485434447050,1475843485671216964
700,1475843485434798955,1475843485671406984
701,1475843485436167955,1475843485671576976
702,1475843485436533927,1475843485672977924
703,1475843485437834024,1475843485674056053
704,1475843485438560009,1475843485674226999
705,1475843485438920974,1475843485678054094
706,1475843485439275026,1475843485678452014
707,1475843485439626932,1475843485681158065
708,1475843485440494060,1475843485681457042
709,1475843485440851926,1475843485681519031
710,1475843485441207885,1475843485681577920
711,1475843485441562891,1475843485684751033
712,1475843485441922903,1475843485688473939
713,1475843485442401885,1475843485688704967
714,1475843485442945003,1475843485688766956
715,1475843485443304061,1475843485689409017
716,1475843485443655967,1475843485693613052
717,1475843485444128036,1475843485697407960
718,1475843485444624900,1475843485697637081
719,1475843485444978952,1475843485697699069
720,1475843485445334911,1475843485699366092
721,1475843485446208000,1475843485700211048
722,1475843485446576118,1475843485704740047
723,1475843485447201967,1475843485704948902
724,1475843485447567939,1475843485705009937
725,1475843485447920083,1475843485705269098
726,1475843485448271036,1475843485708302021
727,1475843485448621988,1475843485709036111
728,1475843485449137926,1475843485711019992
729,1475843485449493885,1475843485711455106
730,1475843485449847936,1475843485718652009
731,1475843485450200080,1475843485724700927
732,1475843485450551033,1475843485728477954
733,1475843485450902938,1475843485728708982
734,1475843485451317071,1475843485728770971
735,1475843485451992988,1475843485730447053
736,1475843485452347040,1475843485730755090
737,1475843485452766895,1475843485730815887
738,1475843485453449010,1475843485730875015
739,1475843485453808069,1475843485730931997
740,1475843485454165935,1475843485731367111
741,1475843485454519033,1475843485731427907
742,1475843485454871892,1475843485731487035
743,1475843485455224990,1475843485731544971
744,1475843485455575942,1475843485731601953
745,1475843485455925941,1475843485731659889
746,1475843485456279993,1475843485731717109
747,1475843485456630945,1475843485731774091
748,1475843485456991910,1475843485734327077
749,1475843485457344055,1475843485737622022
750,1475843485457696914,1475843485738007068
751,1475843485458046913,1475843485738070011
752,1475843485458400964,1475843485738127946
753,1475843485458751916,1475843485738185882
754,1475843485459103107,1475843485738244056
755,1475843485459453105,1475843485738301992
756,1475843485459805011,1475843485739644050
757,1475843485460159063,1475843485739706993
758,1475843485460510969,1475843485739764928
759,1475843485460861921,1475843485739823102
760,1475843485461213111,1475843485739880084
761,1475843485461601018,1475843485739938020
762,1475843485462001085,1475843485739995002
763,1475843485462358951,1475843485740051984
764,1475843485462749004,1475843485740109920
765,1475843485463138103,1475843485740166902
766,1475843485463490962,1475843485740223884
767,1475843485464083909,1475843485740282058
768,1475843485464440107,1475843485740338087
769,1475843485464832067,1475843485740395069
770,1475843485465187072,1475843485740453004
771,1475843485465538024,1475843485740509986
772,1475843485465928077,1475843485740566015
773,1475843485466284036,1475843485740623950
774,1475843485466636896,1475843485740680932
775,1475843485467113018,1475843485740737915
776,1475843485467590093,1475843485740794897
777,1475843485467983007,1475843485740852117
778,1475843485468338012,1475843485740909099
779,1475843485468688964,1475843485740966081
780,1475843485469234943,1475843485741023063
781,1475843485469633102,1475843485741080045
782,1475843485469990968,1475843485741136074
783,1475843485470345973,1475843485741193056
784,1475843485470731019,1475843485741250991
785,1475843485471088886,1475843485741307020
786,1475843485471441984,1475843485741364955
787,1475843485471793889,1475843485741421937
788,1475843485472145080,1475843485741478919
789,1475843485472496032,1475843485747845888
790,1475843485472847938,1475843485747912883
791,1475843485473232984,1475843485747971057
792,1475843485473591089,1475843485748028993
793,1475843485473943948,1475843485748086929
794,1475843485474297046,1475843485748143911
795,1475843485474647045,1475843485748202085
796,1475843485474999904,1475843485748259067
797,1475843485475351095,1475843485748315095
798,1475843485475703001,1475843485748373031
799,1475843485476054906,1475843485748430013
800,1475843485476586103,1475843485748486995
801,1475843485477201938,1475843485748543977
802,1475843485477564096,1475843485748600006
803,1475843485478094100,1475843485748656988
804,1475843485478454113,1475843485748714923
805,1475843485478809118,1475843485748771905
806,1475843485479161977,1475843485748828887
807,1475843485479516029,1475843485748886108
808,1475843485479866981,1475843485748943090
809,1475843485480314016,1475843485749000072
810,1475843485480679035,1475843485749057054
811,1475843485481030941,1475843485749114036
812,1475843485481383085,1475843485749171018
813,1475843485481733083,1475843485749228000
814,1475843485482084035,1475843485749284982
815,1475843485482434988,1475843485749341964
816,1475843485482789039,1475843485749397993
817,1475843485483201026,1475843485749455928
818,1475843485483558893,1475843485749511957
819,1475843485483912944,1475843485749568939
820,1475843485484263896,1475843485749625921
821,1475843485484616041,1475843485749682903
822,1475843485484970092,1475843485749809980
823,1475843485485322952,1475843485750025987
824,1475843485485673904,1475843485750085115
825,1475843485486026048,1475843485750142097
826,1475843485486377000,1475843485750200033
827,1475843485486731052,1475843485750257015
828,1475843485487082004,1475843485750313997
829,1475843485487433910,1475843485750447988
830,1475843485487787008,1475843485750508069
831,1475843485488251924,1475843485750565052
832,1475843485488610029,1475843485750622987
833,1475843485488965988,1475843485750679969
834,1475843485489320039,1475843485750737905
835,1475843485489710092,1475843485750794887
836,1475843485490066051,1475843485750853061
837,1475843485490417957,1475843485750910043
838,1475843485490767955,1475843485750967025
839,1475843485491118907,1475843485751024007
840,1475843485491470098,1475843485751081943
841,1475843485491821050,1475843485751138925
842,1475843485492176055,1475843485751195907
843,1475843485492527008,1475843485751252889
844,1475843485492909908,1475843485751310110
845,1475843485493262052,1475843485751367092
846,1475843485493612051,1475843485751425027
847,1475843485493962049,1475843485751482009
848,1475843485494317054,1475843485751538991
849,1475843485494668960,1475843485751595973
850,1475843485495018959,1475843485751652956
851,1475843485495368957,1475843485751709938
852,1475843485495721101,1475843485751766920
853,1475843485496074914,1475843485751823902
854,1475843485496427059,1475843485751882076
855,1475843485496778964,1475843485751938104
856,1475843485497129917,1475843485751995086
857,1475843485497523069,1475843485752052068
858,1475843485497916936,1475843485752109050
859,1475843485498404026,1475843485752166032
860,1475843485498878955,1475843485752223968
861,1475843485499232053,1475843485752280950
862,1475843485499587059,1475843485752337932
863,1475843485499938964,1475843485752394914
864,1475843485500289916,1475843485752451896
865,1475843485500641107,1475843485752509117
866,1475843485500991106,1475843485752566099
867,1475843485501343965,1475843485752623081
868,1475843485501694917,1475843485752680063
869,1475843485502048015,1475843485752737998
870,1475843485502401113,1475843485752794027
871,1475843485502788066,1475843485752851963
872,1475843485503223896,1475843485752933979
873,1475843485503581047,1475843485752991914
874,1475843485504348039,1475843485753050088
875,1475843485504709005,1475843485753107070
876,1475843485505439043,1475843485753164052
877,1475843485505810976,1475843485753221988
878,1475843485506166934,1475843485753278970
879,1475843485506520032,1475843485753335952
880,1475843485507304906,1475843485753392934
881,1475843485507662057,1475843485753451108
882,1475843485508017063,1475843485753506898
883,1475843485508368968,1475843485753563880
884,1475843485508722066,1475843485753622055
885,1475843485509074926,1475843485753679037
886,1475843485509840965,1475843485753736019
887,1475843485510514974,1475843485753793001
888,1475843485510878086,1475843485753849983
889,1475843485511374950,1475843485753906011
890,1475843485511775016,1475843485753962993
891,1475843485512128114,1475843485754019975
892,1475843485512478113,1475843485754076957
893,1475843485512828111,1475843485754133939
894,1475843485513212919,1475843485754189968
895,1475843485513565063,1475843485754247903
896,1475843485513917922,1475843485754304885
897,1475843485514269113,1475843485754362106
898,1475843485514619112,1475843485754419088
899,1475843485514970064,1475843485754476070
900,1475843485515321016,1475843485754533052
901,1475843485515671968,1475843485754590988
902,1475843485516026020,1475843485754647970
903,1475843485516377925,1475843485754703998
904,1475843485516729116,1475843485754760980
905,1475843485517081975,1475843485754817962
906,1475843485517431974,1475843485754874944
907,1475843485517782926,1475843485754931926
908,1475843485518138885,1475843485754988908
909,1475843485518490076,1475843485755044937
910,1475843485518840074,1475843485755101919
911,1475843485519191980,1475843485755158901
912,1475843485519542932,1475843485755215883
913,1475843485519896030,1475843485755273103
914,1475843485520246028,1475843485755330085
915,1475843485520596981,1475843485755434036
916,1475843485520951986,1475843485755492925
917,1475843485521379947,1475843485755549907
918,1475843485521775960,1475843485755606889
919,1475843485522128105,1475843485755664110
920,1475843485522547960,1475843485755721092
921,1475843485523694038,1475843485755778074
922,1475843485531498908,1475843485755835056
923,1475843485531872987,1475843485755892038
924,1475843485532227993,1475843485755949020
925,1475843485532579898,1475843485756005048
926,1475843485532982110,1475843485756062030
927,1475843485533335924,1475843485756119012
928,1475843485533689975,1475843485756175994
929,1475843485534044981,1475843485756232976
930,1475843485534399032,1475843485756289958
931,1475843485534749031,1475843485756345987
932,1475843485535103082,1475843485756402969
933,1475843485535454988,1475843485756459951
934,1475843485535808086,1475843485756516933
935,1475843485536159992,1475843485756573915
936,1475843485536509990,1475843485756630897
937,1475843485536869049,1475843485756688117
938,1475843485537225008,1475843485756745100
939,1475843485537578105,1475843485756802082
940,1475843485537928104,1475843485756859064
941,1475843485538281917,1475843485756916999
942,1475843485538633108,1475843485756973028
943,1475843485538985967,1475843485757030010
944,1475843485539336919,1475843485757087945
945,1475843485539689064,1475843485757143974
946,1475843485540040969,1475843485757201910
947,1475843485541810035,1475843485757258892
948,1475843485542366027,1475843485757317066
949,1475843485542722940,1475843485757373094
950,1475843485543111085,1475843485757430076
951,1475843485543464899,1475843485757487058
952,1475843485543817043,1475843485757544040
953,1475843485544167995,1475843485757600069
954,1475843485544518947,1475843485757657051
955,1475843485544873952,1475843485757714033
956,1475843485545224905,1475843485757771015
957,1475843485545576095,1475843485757827043
958,1475843485545928955,1475843485759675025
959,1475843485546459913,1475843485759737968
960,1475843485546818017,1475843485759797096
961,1475843485547180891,1475843485759854078
962,1475843485547535896,1475843485759912014
963,1475843485547888994,1475843485759968996
964,1475843485548238039,1475843485760025978
965,1475843485548657894,1475843485760083913
966,1475843485549830913,1475843485760140895
967,1475843485550263881,1475843485760198116
968,1475843485550618886,1475843485760255098
969,1475843485550976037,1475843485760312080
970,1475843485551328897,1475843485760369062
971,1475843485551708936,1475843485760426044
972,1475843485552061080,1475843485760483026
973,1475843485552417039,1475843485760540962
974,1475843485552769899,1475843485760597944
975,1475843485553158998,1475843485760654926
976,1475843485553510904,1475843485760711908
977,1475843485553913116,1475843485760768890
978,1475843485554266929,1475843485760826110
979,1475843485554617881,1475843485760883092
980,1475843485555222034,1475843485760940074
981,1475843485555628061,1475843485760997056
982,1475843485556020021,1475843485761054039
983,1475843485556436061,1475843485761111021
984,1475843485556792974,1475843485761167049
985,1475843485557146072,1475843485761224031
986,1475843485557499885,1475843485761281013
987,1475843485557852983,1475843485761337995
988,1475843485558733940,1475843485761394977
989,1475843485559092044,1475843485761451959
990,1475843485559448003,1475843485761508941
991,1475843485559803009,1475843485761565923
992,1475843485560154914,1475843485761622905
993,1475843485560528039,1475843485761679887
994,1475843485560883045,1475843485761737108
995,1475843485561404943,1475843485761792898
996,1475843485561769008,1475843485761851072
997,1475843485562124013,1475843485761908054
998,1475843485562478065,1475843485761964082
999,1475843485562830924,1475843485762021064
