0,1475843384843542098,1475843384845360040
1,1475843384844615936,1475843384846512079
2,1475843384845562934,1475843384847939968
3,1475843384846652984,1475843384849263906
4,1475843384847544908,1475843384850922107
5,1475843384848546981,1475843384852174997
6,1475843384849546909,1475843384853476047
7,1475843384850543022,1475843384855029106
8,1475843384851545095,1475843384856322050
9,1475843384852547883,1475843384857847929
10,1475843384853677988,1475843384858937978
11,1475843384854543924,1475843384860464096
12,1475843384855545043,1475843384861825942
13,1475843384856544017,1475843384863046884
14,1475843384857547998,1475843384864269971
15,1475843384858545064,1475843384865813016
16,1475843384859544992,1475843384867033958
17,1475843384860670089,1475843384868838071
18,1475843384861537933,1475843384869944095
19,1475843384862543106,1475843384871227025
20,1475843384863544940,1475843384872495889
21,1475843384864545106,1475843384873928070
22,1475843384865549087,1475843384875071048
23,1475843384866540908,1475843384876312971
24,1475843384867544889,1475843384877921104
25,1475843384868540048,1475843384879560947
26,1475843384869545936,1475843384880914926
27,1475843384870544910,1475843384882093906
28,1475843384871542930,1475843384883372068
29,1475843384872699975,1475843384884936094
30,1475843384873542070,1475843384885934114
31,1475843384874542951,1475843384887176990
32,1475843384875544071,1475843384888463020
33,1475843384876543998,1475843384889827966
34,1475843384877540111,1475843384891020059
35,1475843384878544092,1475843384892544031
36,1475843384879704952,1475843384894396066
37,1475843384880539894,1475843384895833015
38,1475843384881541013,1475843384896951913
39,1475843384882540941,1475843384898220062
40,1475843384883575916,1475843384899468898
41,1475843384884541988,1475843384900785923
42,1475843384885541915,1475843384902051925
43,1475843384886545896,1475843384903310060
44,1475843384887546062,1475843384904839038
45,1475843384888659000,1475843384905922889
46,1475843384889540910,1475843384907119989
47,1475843384890547990,1475843384908394098
48,1475843384891544103,1475843384909837007
49,1475843384892759084,1475843384911263942
50,1475843384893547058,1475843384913315057
51,1475843384894598960,1475843384914436101
52,1475843384895540952,1475843384915904045
53,1475843384896543979,1475843384917136907
54,1475843384897542953,1475843384918246984
55,1475843384898544073,1475843384919858932
56,1475843384899646043,1475843384921000957
57,1475843384900543928,1475843384922247886
58,1475843384901545047,1475843384923537969
59,1475843384902545928,1475843384924711942
60,1475843384903546094,1475843384926069021
61,1475843384904546022,1475843384927345037
62,1475843384905544996,1475843384929003953
63,1475843384906542062,1475843384929982900
64,1475843384907543897,1475843384931200981
65,1475843384908592939,1475843384932442903
66,1475843384909543037,1475843384934031009
67,1475843384910547018,1475843384934990882
68,1475843384911545991,1475843384936517953
69,1475843384912543058,1475843384938919067
70,1475843384913546085,1475843384940103054
71,1475843384914551973,1475843384941409111
72,1475843384915544033,1475843384943310022
73,1475843384916541099,1475843384946387052
74,1475843384917543888,1475843384946805000
75,1475843384918544054,1475843384947103023
76,1475843384919539928,1475843384947938919
77,1475843384920546054,1475843384949023008
78,1475843384921544075,1475843384950272083
79,1475843384922543048,1475843384951925039
80,1475843384923746109,1475843384953068017
81,1475843384924541950,1475843384954130887
82,1475843384925544977,1475843384955398082
83,1475843384926542043,1475843384956995964
84,1475843384927541971,1475843384958009958
85,1475843384928544998,1475843384959219932
86,1475843384929542064,1475843384960481882
87,1475843384930545091,1475843384961918115
88,1475843384931543111,1475843384963100910
89,1475843384932636976,1475843384964297056
90,1475843384933583021,1475843384966002941
91,1475843384934544086,1475843384966983079
92,1475843384935542106,1475843384968110084
93,1475843384936714887,1475843384969367980
94,1475843384937545061,1475843384971031904
95,1475843384938541889,1475843384973997116
96,1475843384939543962,1475843384975011110
97,1475843384940543889,1475843384976141929
98,1475843384941545009,1475843384977401018
99,1475843384943619012,1475843384979018926
100,1475843384944055080,1475843384980026006
101,1475843384944912910,1475843384981251955
102,1475843384945702075,1475843384982532978
103,1475843384946592092,1475843384983978033
104,1475843384947550058,1475843384985094070
105,1475843384948545932,1475843384986361980
106,1475843384949543952,1475843384987992048
107,1475843384950547933,1475843384988996982
108,1475843384951539039,1475843384990175008
109,1475843384952542066,1475843384991506099
110,1475843384953583955,1475843384993045091
111,1475843384954543113,1475843384993913888
112,1475843384955591917,1475843384995232105
113,1475843384956540107,1475843384996444940
114,1475843384957545042,1475843384997988939
115,1475843384958543062,1475843384999058961
116,1475843384959542989,1475843385000283002
117,1475843384960644006,1475843385001981019
118,1475843384961543083,1475843385003098964
119,1475843384962538957,1475843385004252910
120,1475843384963545083,1475843385005513906
121,1475843384964543104,1475843385006969928
122,1475843384965548992,1475843385008063077
123,1475843384966543912,1475843385009327888
124,1475843384967545032,1475843385010710000
125,1475843384968544006,1475843385012067079
126,1475843384969559907,1475843385013164043
127,1475843384970541954,1475843385014415025
128,1475843384971545934,1475843385017422914
129,1475843384972546100,1475843385019009113
130,1475843384973543882,1475843385020025968
131,1475843384974549055,1475843385021255016
132,1475843384975545883,1475843385022537946
133,1475843384976545095,1475843385023979902
134,1475843384977550983,1475843385025084018
135,1475843384978540897,1475843385026356935
136,1475843384979542970,1475843385028008937
137,1475843384980541944,1475843385028987884
138,1475843384981545925,1475843385030169010
139,1475843384982734918,1475843385031492948
140,1475843384983540058,1475843385033009052
141,1475843384984544038,1475843385034070014
142,1475843384985543012,1475843385035262107
143,1475843384986542940,1475843385036539077
144,1475843384987544059,1475843385037972927
145,1475843384988540887,1475843385039079904
146,1475843384989542961,1475843385040358066
147,1475843384990542888,1475843385041492938
148,1475843384991708040,1475843385043056964
149,1475843384992542982,1475843385044073104
150,1475843384993542909,1475843385045476913
151,1475843384994713068,1475843385046853065
152,1475843384995539903,1475843385048048973
153,1475843384996648073,1475843385049288034
154,1475843384997539043,1475843385050543069
155,1475843384998543024,1475843385052023887
156,1475843384999541044,1475843385053143978
157,1475843385000540971,1475843385054366111
158,1475843385001537084,1475843385055993080
159,1475843385002540111,1475843385057024955
160,1475843385003546953,1475843385058187961
161,1475843385004544019,1475843385059458971
162,1475843385005717992,1475843385060992002
163,1475843385006539106,1475843385062052011
164,1475843385007543087,1475843385063321113
165,1475843385008543014,1475843385065013885
166,1475843385009545087,1475843385065985918
167,1475843385010546922,1475843385067130088
168,1475843385011552095,1475843385070175886
169,1475843385012546062,1475843385071495056
170,1475843385013546943,1475843385073060035
171,1475843385014614105,1475843385074074983
172,1475843385015542984,1475843385075252056
173,1475843385016541957,1475843385076541900
174,1475843385017631053,1475843385077974081
175,1475843385018539905,1475843385079081058
176,1475843385019545078,1475843385080359935
177,1475843385020544052,1475843385082001924
178,1475843385021544933,1475843385083019971
179,1475843385022739887,1475843385084175109
180,1475843385023542881,1475843385085493087
181,1475843385024543046,1475843385086855888
182,1475843385025544881,1475843385088043928
183,1475843385026540994,1475843385089256048
184,1475843385027544975,1475843385090524911
185,1475843385028542995,1475843385091984033
186,1475843385029546022,1475843385093091964
187,1475843385030543088,1475843385094336032
188,1475843385031696081,1475843385095859050
189,1475843385032541036,1475843385097017049
190,1475843385033545970,1475843385098176956
191,1475843385034543037,1475843385099427938
192,1475843385035542964,1475843385101084947
193,1475843385036742925,1475843385102097034
194,1475843385037540912,1475843385103315114
195,1475843385038543939,1475843385105010032
196,1475843385039541006,1475843385105986118
197,1475843385040575027,1475843385107129096
198,1475843385041666984,1475843385108395099
199,1475843385042541027,1475843385109992027
200,1475843385043545961,1475843385111023902
201,1475843385044543981,1475843385112221002
202,1475843385045680999,1475843385113498926
203,1475843385046540021,1475843385114976882
204,1475843385047534942,1475843385116055011
205,1475843385048542976,1475843385117304086
206,1475843385049546003,1475843385118992090
207,1475843385050746917,1475843385119981050
208,1475843385051544904,1475843385123383998
209,1475843385052584886,1475843385124501943
210,1475843385053584098,1475843385125994920
211,1475843385054560899,1475843385127176046
212,1475843385055541038,1475843385128448963
213,1475843385056545972,1475843385129756927
214,1475843385057548046,1475843385131051063
215,1475843385058542966,1475843385132266044
216,1475843385059637069,1475843385134022951
217,1475843385060549020,1475843385135005950
218,1475843385061543941,1475843385136096000
219,1475843385062542915,1475843385137365102
220,1475843385063545942,1475843385138859987
221,1475843385064546108,1475843385139996051
222,1475843385065543889,1475843385141213893
223,1475843385066545009,1475843385142446041
224,1475843385067544937,1475843385144030094
225,1475843385068542957,1475843385145064115
226,1475843385069539070,1475843385146266937
227,1475843385070542097,1475843385147553920
228,1475843385071697950,1475843385148968935
229,1475843385072542905,1475843385150087118
230,1475843385073584079,1475843385151401042
231,1475843385074543952,1475843385153045892
232,1475843385075545072,1475843385154021024
233,1475843385076714992,1475843385155184030
234,1475843385077541112,1475843385156444072
235,1475843385078542947,1475843385157756090
236,1475843385079543113,1475843385159049987
237,1475843385080547094,1475843385160249948
238,1475843385081542015,1475843385162046909
239,1475843385082541942,1475843385163032054
240,1475843385083544015,1475843385164155006
241,1475843385084543943,1475843385165412902
242,1475843385085695981,1475843385166857957
243,1475843385086540937,1475843385168039083
244,1475843385087536096,1475843385169233083
245,1475843385088545083,1475843385170505046
246,1475843385089545011,1475843385171968936
247,1475843385090702056,1475843385173100948
248,1475843385091543912,1475843385174312114
249,1475843385092545032,1475843385176011085
250,1475843385093545913,1475843385176898956
251,1475843385094544887,1475843385178204059
252,1475843385095541000,1475843385179389953
253,1475843385096545934,1475843385180704116
254,1475843385097544908,1475843385182020902
255,1475843385098542928,1475843385183219909
256,1475843385099602937,1475843385184504985
257,1475843385100543022,1475843385185996055
258,1475843385101548910,1475843385187096118
259,1475843385102546930,1475843385190983057
260,1475843385103545904,1475843385192147970
261,1475843385104546070,1475843385193397998
262,1475843385105545043,1475843385194756984
263,1475843385106544971,1475843385196012020
264,1475843385107543945,1475843385197211980
265,1475843385108591079,1475843385198499917
266,1475843385109544038,1475843385199805021
267,1475843385110543012,1475843385201065063
268,1475843385111542940,1475843385202303886
269,1475843385112545967,1475843385204010963
270,1475843385113635063,1475843385204978942
271,1475843385114538908,1475843385206137895
272,1475843385115544080,1475843385207398891
273,1475843385116544008,1475843385209013938
274,1475843385117546081,1475843385210022926
275,1475843385118547916,1475843385211258888
276,1475843385119546890,1475843385213023900
277,1475843385120541095,1475843385213984012
278,1475843385121541976,1475843385215064048
279,1475843385122539997,1475843385216327905
280,1475843385123550891,1475843385217878103
281,1475843385124676942,1475843385219005107
282,1475843385125540018,1475843385220154047
283,1475843385126540899,1475843385221523046
284,1475843385127542972,1475843385222909927
285,1475843385128624916,1475843385224103927
286,1475843385129542112,1475843385225265979
287,1475843385130543947,1475843385226545095
288,1475843385131542921,1475843385227987051
289,1475843385132544994,1475843385229085922
290,1475843385133552074,1475843385230349063
291,1475843385134546041,1475843385231761932
292,1475843385135543107,1475843385233037948
293,1475843385136543035,1475843385234097003
294,1475843385137545108,1475843385235508918
295,1475843385138540029,1475843385236977100
296,1475843385139534950,1475843385238065004
297,1475843385140544891,1475843385239353895
298,1475843385141544103,1475843385240861892
299,1475843385142652988,1475843385242000102
300,1475843385143579959,1475843385243119955
301,1475843385144546031,1475843385244317054
302,1475843385145544052,1475843385245704889
303,1475843385146543025,1475843385246917963
304,1475843385147731065,1475843385248220920
305,1475843385148539066,1475843385249455928
306,1475843385149544954,1475843385250976085
307,1475843385150542974,1475843385252072095
308,1475843385151595115,1475843385253488063
309,1475843385152539968,1475843385254985094
310,1475843385153580904,1475843385256059885
311,1475843385154546022,1475843385257270097
312,1475843385155541896,1475843385258539915
313,1475843385156650066,1475843385259970903
314,1475843385157532930,1475843385261135101
315,1475843385158541917,1475843385262377023
316,1475843385159543037,1475843385264017105
317,1475843385160542964,1475843385264772891
318,1475843385161544084,1475843385266195058
319,1475843385162545919,1475843385271994113
320,1475843385163547992,1475843385273072004
321,1475843385164544105,1475843385274266958
322,1475843385165611028,1475843385275474071
323,1475843385166541099,1475843385276810884
324,1475843385167546987,1475843385278058052
325,1475843385168541908,1475843385279290914
326,1475843385169547080,1475843385280998945
327,1475843385170706033,1475843385281971931
328,1475843385171540021,1475843385283126115
329,1475843385172544002,1475843385284393072
330,1475843385173546075,1475843385286004066
331,1475843385174542903,1475843385286988019
332,1475843385175544023,1475843385288214921
333,1475843385176543951,1475843385289482116
334,1475843385177716016,1475843385290978908
335,1475843385178543090,1475843385292056083
336,1475843385179549932,1475843385293309926
337,1475843385180541992,1475843385295010089
338,1475843385181545019,1475843385295978069
339,1475843385182543039,1475843385297118902
340,1475843385183545112,1475843385298391103
341,1475843385184706926,1475843385299865007
342,1475843385185542106,1475843385301067113
343,1475843385186542034,1475843385302269935
344,1475843385187544107,1475843385303878068
345,1475843385188543081,1475843385304987907
346,1475843385189539909,1475843385306087017
347,1475843385190541028,1475843385307357072
348,1475843385191541910,1475843385309000968
349,1475843385192543983,1475843385309989929
350,1475843385193598031,1475843385311204910
351,1475843385194540023,1475843385312450885
352,1475843385195543050,1475843385313852071
353,1475843385196542024,1475843385315069913
354,1475843385197542905,1475843385316267013
355,1475843385198704957,1475843385317531108
356,1475843385199542045,1475843385318963050
357,1475843385200547933,1475843385320081949
358,1475843385201545000,1475843385321391105
359,1475843385202543020,1475843385323035955
360,1475843385203548908,1475843385323997974
361,1475843385204545021,1475843385325160980
362,1475843385205543994,1475843385326426029
363,1475843385206543922,1475843385327997922
364,1475843385207547903,1475843385329072952
365,1475843385208540916,1475843385330262899
366,1475843385209544897,1475843385331998109
367,1475843385210542917,1475843385332895994
368,1475843385211544036,1475843385334220886
369,1475843385212549924,1475843385335385084
370,1475843385213542938,1475843385336986064
371,1475843385214545965,1475843385338013887
372,1475843385215543031,1475843385339164018
373,1475843385216543912,1475843385340431928
374,1475843385217546939,1475843385341784954
375,1475843385218549013,1475843385343111991
376,1475843385219552040,1475843385344244956
377,1475843385220546960,1475843385345526933
378,1475843385221663951,1475843385346966981
379,1475843385222547054,1475843385348047971
380,1475843385223613023,1475843385349332094
381,1475843385224545001,1475843385351011991
382,1475843385225544929,1475843385351978063
383,1475843385226754903,1475843385353143930
384,1475843385227541923,1475843385354401111
385,1475843385228548049,1475843385355995893
386,1475843385229543924,1475843385357012987
387,1475843385230545043,1475843385358201026
388,1475843385231540918,1475843385359491109
389,1475843385232542991,1475843385360987901
390,1475843385233546972,1475843385362056970
391,1475843385234544992,1475843385363296031
392,1475843385235713005,1475843385364711046
393,1475843385236541032,1475843385365874052
394,1475843385237545967,1475843385367181062
395,1475843385238545894,1475843385368370056
396,1475843385239547014,1475843385369863033
397,1475843385240540981,1475843385371006011
398,1475843385241544008,1475843385372178077
399,1475843385242547035,1475843385373436927
400,1475843385243546009,1475843385374999046
401,1475843385244543075,1475843385376051902
402,1475843385245543956,1475843385377235889
403,1475843385246541976,1475843385378494977
404,1475843385247710943,1475843385379973888
405,1475843385248543024,1475843385381131887
406,1475843385249660968,1475843385382329940
407,1475843385250538110,1475843385384042978
408,1475843385251542091,1475843385385046958
409,1475843385252541065,1475843385386161088
410,1475843385253698110,1475843385387422084
411,1475843385254540920,1475843385389004945
412,1475843385255544900,1475843385390049934
413,1475843385256545066,1475843385391284942
414,1475843385257561922,1475843385392550945
415,1475843385258744955,1475843385393990039
416,1475843385259540081,1475843385395088911
417,1475843385260545969,1475843385396357059
418,1475843385261547088,1475843385398006916
419,1475843385262573003,1475843385404211997
420,1475843385263544082,1475843385405284881
421,1475843385264548063,1475843385406857013
422,1475843385265547037,1475843385408042907
423,1475843385266544103,1475843385409224033
424,1475843385267541885,1475843385410486936
425,1475843385268541097,1475843385411977052
426,1475843385269539117,1475843385413099050
427,1475843385270536899,1475843385414335012
428,1475843385271538019,1475843385416002988
429,1475843385272546052,1475843385416977882
430,1475843385273546934,1475843385418138980
431,1475843385274545907,1475843385419409036
432,1475843385275680065,1475843385420705080
433,1475843385276539087,1475843385422040939
434,1475843385277548074,1475843385423233032
435,1475843385278544902,1475843385424498081
436,1475843385279544115,1475843385425973892
437,1475843385280549049,1475843385427053928
438,1475843385281539916,1475843385428302049
439,1475843385282543897,1475843385429990053
440,1475843385283544063,1475843385430975914
441,1475843385284552097,1475843385432128906
442,1475843385285541057,1475843385433412075
443,1475843385286545038,1475843385434992074
444,1475843385287544012,1475843385436045885
445,1475843385288543939,1475843385437222957
446,1475843385289689064,1475843385438497066
447,1475843385290544033,1475843385439970016
448,1475843385291546106,1475843385441067934
449,1475843385292545080,1475843385442337989
450,1475843385293545961,1475843385444015026
451,1475843385294548988,1475843385444977998
452,1475843385295545101,1475843385446135997
453,1475843385296541929,1475843385447412014
454,1475843385297544002,1475843385448718070
455,1475843385298551082,1475843385450026035
456,1475843385299545049,1475843385451261997
457,1475843385300548076,1475843385452543973
458,1475843385301548004,1475843385453988075
459,1475843385302548885,1475843385455075025
460,1475843385303550958,1475843385456338882
461,1475843385304546117,1475843385458010911
462,1475843385305545091,1475843385458985090
463,1475843385306543111,1475843385460164070
464,1475843385307543992,1475843385461464881
465,1475843385308540105,1475843385463042974
466,1475843385309544086,1475843385464051961
467,1475843385310542106,1475843385465236902
468,1475843385311542034,1475843385466521024
469,1475843385312645912,1475843385467971086
470,1475843385313584089,1475843385469053983
471,1475843385314548969,1475843385470309972
472,1475843385315543889,1475843385472016096
473,1475843385316543102,1475843385473103046
474,1475843385317732095,1475843385474260091
475,1475843385318537950,1475843385475539922
476,1475843385319544076,1475843385476973056
477,1475843385320543050,1475843385478079080
478,1475843385321588993,1475843385479351043
479,1475843385322544097,1475843385480863094
480,1475843385323543071,1475843385482002019
481,1475843385324542999,1475843385483177900
482,1475843385325544118,1475843385484441995
483,1475843385326627969,1475843385485975027
484,1475843385327538967,1475843385487066984
485,1475843385328545093,1475843385488256931
486,1475843385329544067,1475843385489541053
487,1475843385330543041,1475843385490962028
488,1475843385331547021,1475843385492098093
489,1475843385332541942,1475843385493232965
490,1475843385333755970,1475843385494494915
491,1475843385334542036,1475843385495966911
492,1475843385335577011,1475843385497091054
493,1475843385336541891,1475843385498352050
494,1475843385337538957,1475843385499984025
495,1475843385338587999,1475843385501007080
496,1475843385339541912,1475843385502346038
497,1475843385340635061,1475843385504009962
498,1475843385341542959,1475843385504893064
499,1475843385342550992,1475843385506205081
500,1475843385343547105,1475843385507411003
501,1475843385344543933,1475843385508856058
502,1475843385345730066,1475843385510027885
503,1475843385346539020,1475843385511276960
504,1475843385347541093,1475843385512911081
505,1475843385348541975,1475843385513905048
506,1475843385349541902,1475843385515208959
507,1475843385350544929,1475843385516417026
508,1475843385351543903,1475843385517704963
509,1475843385352543115,1475843385519023895
510,1475843385353543996,1475843385520224094
511,1475843385354552030,1475843385521542072
512,1475843385355540037,1475843385523010969
513,1475843385356544971,1475843385524076938
514,1475843385357538938,1475843385525330066
515,1475843385358541965,1475843385527009010
516,1475843385359694004,1475843385527996063
517,1475843385360541105,1475843385529166936
518,1475843385361541032,1475843385530421018
519,1475843385362543106,1475843385532002925
520,1475843385363544940,1475843385533096075
521,1475843385364547967,1475843385534240007
522,1475843385365544080,1475843385535552024
523,1475843385366719007,1475843385536969900
524,1475843385367546081,1475843385538068056
525,1475843385368562936,1475843385539345979
526,1475843385369540929,1475843385541017055
527,1475843385370533943,1475843385541984081
528,1475843385371545076,1475843385543181896
529,1475843385372543096,1475843385544426918
530,1475843385373642921,1475843385546015024
531,1475843385374540090,1475843385547059059
532,1475843385375544071,1475843385548233032
533,1475843385376542091,1475843385549372911
534,1475843385377542018,1475843385550976037
535,1475843385378684997,1475843385552114963
536,1475843385379540920,1475843385553386926
537,1475843385380542993,1475843385554703950
538,1475843385381547927,1475843385556008100
539,1475843385382549047,1475843385564013957
540,1475843385383585929,1475843385565155029
541,1475843385384542942,1475843385566400051
542,1475843385385544061,1475843385567979097
543,1475843385386543035,1475843385569036006
544,1475843385387624979,1475843385570226907
545,1475843385388540029,1475843385571554899
546,1475843385389547109,1475843385573009014
547,1475843385390543937,1475843385574091911
548,1475843385391545057,1475843385575350999
549,1475843385392688035,1475843385576860904
550,1475843385393546104,1475843385578005075
551,1475843385394545078,1475843385579181909
552,1475843385395544052,1475843385580431938
553,1475843385396544933,1475843385581860065
554,1475843385397543907,1475843385583107948
555,1475843385398545980,1475843385584253072
556,1475843385399588108,1475843385585556983
557,1475843385400541067,1475843385586971044
558,1475843385401535987,1475843385588027954
559,1475843385402537107,1475843385589371919
560,1475843385403546094,1475843385591131925
561,1475843385404545068,1475843385592103004
562,1475843385405544042,1475843385593302011
563,1475843385406539916,1475843385594563007
564,1475843385407545089,1475843385595974922
565,1475843385408543109,1475843385597090959
566,1475843385409544944,1475843385598356008
567,1475843385410691022,1475843385599981069
568,1475843385411540031,1475843385601030111
569,1475843385412545919,1475843385602183103
570,1475843385413547039,1475843385603451013
571,1475843385414544105,1475843385604991912
572,1475843385415540933,1475843385606070041
573,1475843385416543006,1475843385607266902
574,1475843385417546987,1475843385608532905
575,1475843385418541908,1475843385609970092
576,1475843385419611930,1475843385611074924
577,1475843385420541048,1475843385612343072
578,1475843385421541929,1475843385614017009
579,1475843385422544002,1475843385614981889
580,1475843385423544883,1475843385616159915
581,1475843385424689054,1475843385617430925
582,1475843385425539970,1475843385619010925
583,1475843385426543951,1475843385620054006
584,1475843385427544116,1475843385621275901
585,1475843385428541898,1475843385623043060
586,1475843385429544925,1475843385624023914
587,1475843385430541038,1475843385625102043
588,1475843385431545972,1475843385626357078
589,1475843385432545900,1475843385627700090
590,1475843385433615922,1475843385628988981
591,1475843385434540987,1475843385630162954
592,1475843385435542106,1475843385631577968
593,1475843385436543941,1475843385633035898
594,1475843385437544107,1475843385634056091
595,1475843385438699960,1475843385635330915
596,1475843385439539909,1475843385636998891
597,1475843385440545082,1475843385637974977
598,1475843385441545009,1475843385639115095
599,1475843385442544937,1475843385640250921
600,1475843385443545103,1475843385641990900
601,1475843385444545030,1475843385643115043
602,1475843385445548057,1475843385644258975
603,1475843385446542024,1475843385645529985
604,1475843385447613954,1475843385646962881
605,1475843385448539972,1475843385648072957
606,1475843385449543952,1475843385649346113
607,1475843385450541973,1475843385650989055
608,1475843385451540946,1475843385651983022
609,1475843385452701091,1475843385653172969
610,1475843385453543901,1475843385654318094
611,1475843385454545021,1475843385655978918
612,1475843385455539941,1475843385657054901
613,1475843385456542015,1475843385658271074
614,1475843385457544088,1475843385659409999
615,1475843385458542108,1475843385660882949
616,1475843385459543943,1475843385662158966
617,1475843385460541963,1475843385663292884
618,1475843385461668014,1475843385664994955
619,1475843385462541103,1475843385666071891
620,1475843385463546037,1475843385667256116
621,1475843385464545011,1475843385668529987
622,1475843385465548992,1475843385669971942
623,1475843385466723918,1475843385671139001
624,1475843385467540979,1475843385672374010
625,1475843385468542098,1475843385673856973
626,1475843385469542980,1475843385675013065
627,1475843385470546960,1475843385676160097
628,1475843385471543073,1475843385677440881
629,1475843385472548961,1475843385678992033
630,1475843385473546028,1475843385680059909
631,1475843385474545001,1475843385681283950
632,1475843385475744962,1475843385683041095
633,1475843385476541042,1475843385684017896
634,1475843385477545022,1475843385685106992
635,1475843385478542089,1475843385686366081
636,1475843385479542016,1475843385687519073
637,1475843385480540037,1475843385689033031
638,1475843385481534957,1475843385690208911
639,1475843385482544898,1475843385691530942
640,1475843385483549118,1475843385693006992
641,1475843385484646081,1475843385694078922
642,1475843385485541105,1475843385695323944
643,1475843385486545085,1475843385697005987
644,1475843385487543106,1475843385697979927
645,1475843385488543033,1475843385699142932
646,1475843385489747047,1475843385700411081
647,1475843385490535020,1475843385701988935
648,1475843385491545915,1475843385703088045
649,1475843385492542028,1475843385704227924
650,1475843385493545055,1475843385705493927
651,1475843385494698047,1475843385706804990
652,1475843385495537996,1475843385708062887
653,1475843385496541976,1475843385709314107
654,1475843385497541904,1475843385710711002
655,1475843385498542070,1475843385712074041
656,1475843385499538898,1475843385713149070
657,1475843385500540018,1475843385714406013
658,1475843385501544952,1475843385716000080
659,1475843385502542018,1475843385717029094
660,1475843385503544092,1475843385718221902
661,1475843385504544973,1475843385719515085
662,1475843385505722999,1475843385720969915
663,1475843385506542921,1475843385722078084
664,1475843385507611036,1475843385723337888
665,1475843385508539915,1475843385724711894
666,1475843385509546041,1475843385726010084
667,1475843385510541915,1475843385727154016
668,1475843385511545896,1475843385728416919
669,1475843385512547969,1475843385729998111
670,1475843385513549089,1475843385730978965
671,1475843385514723062,1475843385732264041
672,1475843385515542030,1475843385733387947
673,1475843385516547918,1475843385735008001
674,1475843385517543077,1475843385736133098
675,1475843385518541097,1475843385737399101
676,1475843385519541025,1475843385739003896
677,1475843385520543098,1475843385740031957
678,1475843385521744012,1475843385741254091
679,1475843385522536993,1475843385742394924
680,1475843385523545980,1475843385744045972
681,1475843385524544000,1475843385745004892
682,1475843385525543928,1475843385746248006
683,1475843385526544094,1475843385747529983
684,1475843385527543067,1475843385749011993
685,1475843385528542995,1475843385750149011
686,1475843385529544115,1475843385752037048
687,1475843385530618906,1475843385753103971
688,1475843385531538963,1475843385754252910
689,1475843385532546043,1475843385755518913
690,1475843385533544063,1475843385756972074
691,1475843385534543991,1475843385758088111
692,1475843385535752058,1475843385759334087
693,1475843385536540031,1475843385760988950
694,1475843385537544012,1475843385762042999
695,1475843385538542032,1475843385763174057
696,1475843385539544105,1475843385764419078
697,1475843385540545940,1475843385766002893
698,1475843385541543006,1475843385767035007
699,1475843385542542934,1475843385768232107
700,1475843385543544054,1475843385769500970
701,1475843385544629096,1475843385770981073
702,1475843385545540094,1475843385772099018
703,1475843385546545982,1475843385773340940
704,1475843385547542095,1475843385774475097
705,1475843385548543930,1475843385775994062
706,1475843385549565076,1475843385777214050
707,1475843385550540924,1475843385778503894
708,1475843385551547050,1475843385779973030
709,1475843385552546977,1475843385789166927
710,1475843385553582906,1475843385790183067
711,1475843385554541110,1475843385792031049
712,1475843385555543899,1475843385792951107
713,1475843385556540966,1475843385794239997
714,1475843385557539939,1475843385795425891
715,1475843385558538913,1475843385797008037
716,1475843385559540033,1475843385798053026
717,1475843385560537099,1475843385799237012
718,1475843385561536073,1475843385800508022
719,1475843385562536954,1475843385801976919
720,1475843385563546895,1475843385803101062
721,1475843385564541101,1475843385804332971
722,1475843385565541982,1475843385805468082
723,1475843385566596031,1475843385807003021
724,1475843385567540884,1475843385808178901
725,1475843385568543910,1475843385809454917
726,1475843385569545030,1475843385810854911
727,1475843385570544958,1475843385812043905
728,1475843385571762084,1475843385813268899
729,1475843385572539091,1475843385814546108
730,1475843385573545932,1475843385815875053
731,1475843385574543952,1475843385817186117
732,1475843385575544118,1475843385818358898
733,1475843385576540946,1475843385819994926
734,1475843385577548027,1475843385821054935
735,1475843385578547000,1475843385822170019
736,1475843385579544067,1475843385823462963
737,1475843385580569982,1475843385824858903
738,1475843385581542015,1475843385826061964
739,1475843385582546949,1475843385827263116
740,1475843385583544969,1475843385828541994
741,1475843385584547042,1475843385829972982
742,1475843385585757970,1475843385831093072
743,1475843385586536884,1475843385832360982
744,1475843385587543964,1475843385833864927
745,1475843385588541984,1475843385834997892
746,1475843385589557886,1475843385836175918
747,1475843385590549945,1475843385837390899
748,1475843385591548919,1475843385839016914
749,1475843385592555999,1475843385840060949
750,1475843385593548059,1475843385841361045
751,1475843385594765901,1475843385843044042
752,1475843385595537900,1475843385843864917
753,1475843385596545934,1475843385845113039
754,1475843385597543001,1475843385846374988
755,1475843385598542928,1475843385847686052
756,1475843385599536895,1475843385848943948
757,1475843385600541114,1475843385850194931
758,1475843385601547002,1475843385851507902
759,1475843385602541923,1475843385852767944
760,1475843385603657007,1475843385854047060
761,1475843385604537010,1475843385855308055
762,1475843385605545043,1475843385856573104
763,1475843385606544971,1475843385857841014
764,1475843385607543945,1475843385859110116
765,1475843385608733892,1475843385860378980
766,1475843385609539031,1475843385861737966
767,1475843385610543012,1475843385863225936
768,1475843385611542940,1475843385864254951
769,1475843385612543106,1475843385865488052
770,1475843385613543987,1475843385866746902
771,1475843385614542961,1475843385868024110
772,1475843385615544080,1475843385869287967
773,1475843385616542100,1475843385870563983
774,1475843385617635965,1475843385871839046
775,1475843385618541002,1475843385873128890
776,1475843385619544029,1475843385874399900
777,1475843385620543003,1475843385875654935
778,1475843385621542930,1475843385876939058
779,1475843385622548103,1475843385878192901
780,1475843385623583078,1475843385879475116
781,1475843385624543905,1475843385880743980
782,1475843385625541925,1475843385882018089
783,1475843385626544952,1475843385883296966
784,1475843385627538919,1475843385884567975
785,1475843385628540992,1475843385885829925
786,1475843385629542112,1475843385887113094
787,1475843385630542993,1475843385888380050
788,1475843385631786108,1475843385889643907
789,1475843385632540941,1475843385890917062
790,1475843385633543014,1475843385892191886
791,1475843385634545087,1475843385893465995
792,1475843385635544061,1475843385894738912
793,1475843385636545896,1475843385896008968
794,1475843385637542963,1475843385897284030
795,1475843385638542890,1475843385898564100
796,1475843385639543056,1475843385899820089
797,1475843385640542030,1475843385901089906
798,1475843385641540050,1475843385902365922
799,1475843385642548084,1475843385903660058
800,1475843385643546104,1475843385904905080
801,1475843385644543886,1475843385906189918
802,1475843385645735025,1475843385907448053
803,1475843385646541118,1475843385908720970
804,1475843385647541999,1475843385909993886
805,1475843385648541927,1475843385911318063
806,1475843385649544000,1475843385912544965
807,1475843385650544881,1475843385913816928
808,1475843385651542901,1475843385915080070
809,1475843385652540922,1475843385916349887
810,1475843385653543949,1475843385917620897
811,1475843385654541015,1475843385918886899
812,1475843385655540943,1475843385920164108
813,1475843385656541109,1475843385921463966
814,1475843385657541990,1475843385922702074
815,1475843385658540964,1475843385923979043
816,1475843385659606933,1475843385925244092
817,1475843385660538911,1475843385926518917
818,1475843385661715984,1475843385927814006
819,1475843385662543058,1475843385929070949
820,1475843385663548946,1475843385930335998
821,1475843385664549112,1475843385931618928
822,1475843385665545940,1475843385932919025
823,1475843385666543960,1475843385934155941
824,1475843385667542934,1475843385935442924
825,1475843385668723106,1475843385936702966
826,1475843385669539928,1475843385937990903
827,1475843385670543909,1475843385939246892
828,1475843385671545982,1475843385940520048
829,1475843385672563076,1475843385941812038
830,1475843385673583030,1475843385943097114
831,1475843385674546957,1475843385944344997
832,1475843385675544977,1475843385945624113
833,1475843385676542997,1475843385946885108
834,1475843385677642107,1475843385948153972
835,1475843385678539037,1475843385949440956
836,1475843385679543018,1475843385950700044
837,1475843385680541038,1475843385951968908
838,1475843385681541919,1475843385953257083
839,1475843385682544946,1475843385954509019
840,1475843385683576107,1475843385955780982
841,1475843385684542894,1475843385957072973
842,1475843385685544013,1475843385958323955
843,1475843385686557054,1475843385959623098
844,1475843385687680006,1475843385960875034
845,1475843385688541889,1475843385962152957
846,1475843385689542055,1475843385963428020
847,1475843385690541982,1475843385964699983
848,1475843385691732883,1475843385965965986
849,1475843385692539930,1475843385967250108
850,1475843385693546056,1475843385968509912
851,1475843385694541931,1475843385969783067
852,1475843385695542097,1475843385971067905
853,1475843385696541070,1475843385972328901
854,1475843385697541952,1475843385973602056
855,1475843385698540925,1475843385974875926
856,1475843385699541091,1475843385976144075
857,1475843385700608015,1475843385977412939
858,1475843385701539993,1475843385978699922
859,1475843385702543973,1475843385979957103
860,1475843385703546047,1475843385981265068
861,1475843385704543113,1475843385982543945
862,1475843385705698013,1475843385983833074
863,1475843385706538915,1475843385985091924
864,1475843385707545995,1475843385986358880
865,1475843385708542108,1475843385987667083
866,1475843385709544897,1475843385988907098
867,1475843385710546016,1475843385990180015
868,1475843385711559057,1475843385991503000
869,1475843385712546110,1475843385992626905
870,1475843385713546991,1475843385993956089
871,1475843385714606046,1475843385995268106
872,1475843385715542078,1475843385996577024
873,1475843385716547966,1475843385997896909
874,1475843385717544078,1475843385999219894
875,1475843385718544006,1475843386000552892
876,1475843385719722032,1475843386002017974
877,1475843385720539093,1475843386003288984
878,1475843385721544981,1475843386004554033
879,1475843385722543001,1475843386005830049
880,1475843385723546028,1475843386007097005
881,1475843385724545001,1475843386008378982
882,1475843385725542068,1475843386009634017
883,1475843385726599931,1475843386010910034
884,1475843385727546930,1475843386012203931
885,1475843385728549957,1475843386013459920
886,1475843385729542970,1475843386014729976
887,1475843385730540037,1475843386016005992
888,1475843385731542110,1475843386017281055
889,1475843385732542991,1475843386018542051
890,1475843385733606100,1475843386019829988
891,1475843385734540939,1475843386021085023
892,1475843385735543012,1475843386022381067
893,1475843385736541032,1475843386023525953
894,1475843385737548112,1475843386024956941
895,1475843385738540887,1475843386026226043
896,1475843385739543914,1475843386027504920
897,1475843385740540027,1475843386028770923
898,1475843385741543054,1475843386030041933
899,1475843385742589950,1475843386031352043
900,1475843385743597030,1475843386032588005
901,1475843385744535923,1475843386033858060
902,1475843385745541095,1475843386035130977
903,1475843385746534109,1475843386036401987
904,1475843385747730016,1475843386037683010
905,1475843385748534917,1475843386038959026
906,1475843385749541997,1475843386040088891
907,1475843385750624895,1475843386041553020
908,1475843385751543045,1475843386042704105
909,1475843385752543926,1475843386047862052
910,1475843385753550052,1475843386049087047
911,1475843385754545927,1475843386050344944
912,1475843385755717992,1475843386051632881
913,1475843385756541967,1475843386052926063
914,1475843385757541894,1475843386054169893
915,1475843385758536100,1475843386055460929
916,1475843385759536981,1475843386056720972
917,1475843385760536909,1475843386057988882
918,1475843385761539936,1475843386059262990
919,1475843385762550115,1475843386060535907
920,1475843385763575077,1475843386061814069
921,1475843385764552116,1475843386063091993
922,1475843385765542030,1475843386064356088
923,1475843385766542911,1475843386065634012
924,1475843385767543077,1475843386066896915
925,1475843385768547058,1475843386068171024
926,1475843385769706010,1475843386069437980
927,1475843385770539045,1475843386070713043
928,1475843385771543979,1475843386071988105
929,1475843385772547006,1475843386073271989
930,1475843385773545026,1475843386074527025
931,1475843385774679899,1475843386075798034
932,1475843385775540113,1475843386077086925
933,1475843385776541948,1475843386078346967
934,1475843385777543067,1475843386079644918
935,1475843385778707981,1475843386080889940
936,1475843385779541015,1475843386082168102
937,1475843385780544042,1475843386083442926
938,1475843385781543970,1475843386084717035
939,1475843385782538890,1475843386085975885
940,1475843385783539056,1475843386087265014
941,1475843385784535884,1475843386088396072
942,1475843385785537004,1475843386089850902
943,1475843385786536931,1475843386090991020
944,1475843385787537097,1475843386092497110
945,1475843385788537025,1475843386093626976
946,1475843385789541959,1475843386095093011
947,1475843385790541887,1475843386096354961
948,1475843385791544914,1475843386097485065
949,1475843385792546033,1475843386098965883
950,1475843385793756008,1475843386100218057
951,1475843385794544935,1475843386101394891
952,1475843385795628070,1475843386102853059
953,1475843385796540975,1475843386103991985
954,1475843385797544956,1475843386105432033
955,1475843385798542022,1475843386106719017
956,1475843385799542903,1475843386107844114
957,1475843385800681114,1475843386109304904
958,1475843385801541090,1475843386110586881
959,1475843385802544116,1475843386111861944
960,1475843385803544998,1475843386112998962
961,1475843385804543972,1475843386114468097
962,1475843385805674076,1475843386115596055
963,1475843385806538105,1475843386117041110
964,1475843385807544946,1475843386118175983
965,1475843385808543920,1475843386119654893
966,1475843385809659004,1475843386120906114
967,1475843385810539960,1475843386122181892
968,1475843385811534881,1475843386123475074
969,1475843385812542915,1475843386124597072
970,1475843385813544988,1475843386126059055
971,1475843385814723968,1475843386127193927
972,1475843385815541028,1475843386128658056
973,1475843385816720962,1475843386129928112
974,1475843385817544937,1475843386131243944
975,1475843385818543910,1475843386132395982
976,1475843385819540977,1475843386133693933
977,1475843385820544958,1475843386135098934
978,1475843385821547031,1475843386136367082
979,1475843385822546958,1475843386137645959
980,1475843385823672056,1475843386138906002
981,1475843385824542999,1475843386140177011
982,1475843385825546026,1475843386141485929
983,1475843385826544046,1475843386142752885
984,1475843385827544927,1475843386144025087
985,1475843385828677892,1475843386145297050
986,1475843385829536914,1475843386146564960
987,1475843385830545902,1475843386147845983
988,1475843385831546068,1475843386149101972
989,1475843385832544088,1475843386150372982
990,1475843385833542108,1475843386151671886
991,1475843385834547042,1475843386152789115
992,1475843385835542917,1475843386154230117
993,1475843385836541891,1475843386155498981
994,1475843385837552070,1475843386156771898
995,1475843385838547945,1475843386158041000
996,1475843385839545011,1475843386159311056
997,1475843385840543031,1475843386160600900
998,1475843385841542959,1475843386161864995
999,1475843385842545032,1475843386163134098
