0,1475842440709810972,1475842440711967945
1,1475842441043565988,1475842441046600103
2,1475842441376811981,1475842441380966901
3,1475842441710124969,1475842441715481042
4,1475842442043474912,1475842442049853086
5,1475842442376792907,1475842442384253978
6,1475842442710119962,1475842442718650102
7,1475842443043596982,1475842443053183078
8,1475842443377047061,1475842443387582063
9,1475842443710354089,1475842443721997976
10,1475842444043689966,1475842444056355953
11,1475842444377026081,1475842444390464067
12,1475842444710340976,1475842444725300073
13,1475842445043687105,1475842445059340000
14,1475842445377017974,1475842445394011020
15,1475842445710335969,1475842445728549003
16,1475842446043721914,1475842446062989950
17,1475842446377032041,1475842446397511005
18,1475842446710342884,1475842446731894969
19,1475842447043695926,1475842447066257953
20,1475842447377019882,1475842447400831937
21,1475842447710339069,1475842447735279083
22,1475842448043692111,1475842448069660902
23,1475842448377027034,1475842448403799057
24,1475842448710350036,1475842448738501071
25,1475842449043700933,1475842449072961091
26,1475842449377024888,1475842449407279968
27,1475842449710347890,1475842449741699934
28,1475842450043695926,1475842450076049089
29,1475842450377027034,1475842450410188913
30,1475842450710350990,1475842450744976043
31,1475842451043694972,1475842451079344987
32,1475842451377027034,1475842451413759946
33,1475842451710378885,1475842451748219013
34,1475842452043701887,1475842452082542896
35,1475842452377027034,1475842452416964054
36,1475842452710350036,1475842452751482009
37,1475842453043708086,1475842453085855007
38,1475842453377026081,1475842453420260906
39,1475842453710350990,1475842453754789113
40,1475842454043678045,1475842454089025020
41,1475842454377006053,1475842454423448085
42,1475842454710333108,1475842454757908105
43,1475842455043673992,1475842455092200040
44,1475842455377016067,1475842455426664113
45,1475842455710341930,1475842455761077880
46,1475842456043678045,1475842456095524072
47,1475842456377015113,1475842456429969072
48,1475842456710395097,1475842456764426946
49,1475842457043699979,1475842457098701953
50,1475842457377015113,1475842457433131933
51,1475842457710340023,1475842457767324924
52,1475842458043680906,1475842458101648092
53,1475842458377005100,1475842458436074972
54,1475842458710340976,1475842458770672082
55,1475842459043677091,1475842459104998111
56,1475842459377006053,1475842459439352035
57,1475842459710335969,1475842459773801088
58,1475842460043678045,1475842460108114957
59,1475842460377003908,1475842460442521095
60,1475842460710340023,1475842460776983976
61,1475842461043680906,1475842461111308097
62,1475842461377008914,1475842461445719957
63,1475842461710360050,1475842461780164957
64,1475842462043693065,1475842462114475011
65,1475842462377002000,1475842462448920965
66,1475842462710335969,1475842462783351898
67,1475842463043678045,1475842463117721080
68,1475842463377003908,1475842463452105998
69,1475842463710336923,1475842463786545038
70,1475842464043682098,1475842464120884895
71,1475842464377005100,1475842464455420017
72,1475842464710340023,1475842464789853096
73,1475842465043679952,1475842465124217033
74,1475842465377006053,1475842465458602905
75,1475842465710336923,1475842465793149948
76,1475842466043683052,1475842466127378940
77,1475842466377007961,1475842466461802005
78,1475842466710338115,1475842466796231985
79,1475842467043678045,1475842467130594015
80,1475842467377008914,1475842467465050935
81,1475842467710340976,1475842467799426078
82,1475842468043675899,1475842468133737087
83,1475842468377003908,1475842468468154907
84,1475842468710340976,1475842468802562952
85,1475842469043680906,1475842469136907100
86,1475842469377007961,1475842469471321105
87,1475842469710340023,1475842469805763006
88,1475842470043685913,1475842470140305042
89,1475842470377007007,1475842470474761009
90,1475842470710346937,1475842470809096097
91,1475842471043685913,1475842471143656015
92,1475842471377007007,1475842471477890014
93,1475842471710366964,1475842471812355995
94,1475842472043694019,1475842472146701097
95,1475842472377077102,1475842472481102943
96,1475842472710372924,1475842472815561056
97,1475842473043688058,1475842473149888038
98,1475842473377010107,1475842473484291076
99,1475842473710339069,1475842473818852901
100,1475842474043690919,1475842474153187036
101,1475842474377010107,1475842474487600088
102,1475842474710340023,1475842474822010993
103,1475842475043684005,1475842475156358003
104,1475842475377007007,1475842475490736007
105,1475842475710336923,1475842475825232028
106,1475842476043678045,1475842476159558057
107,1475842476377008914,1475842476494079113
108,1475842476710365056,1475842476828510999
109,1475842477043694972,1475842477162971973
110,1475842477377012014,1475842477497231960
111,1475842477710340023,1475842477831661939
112,1475842478043678998,1475842478166004896
113,1475842478377005100,1475842478500426054
114,1475842478710339069,1475842478834897994
115,1475842479043684005,1475842479169256925
116,1475842479377007007,1475842479503675937
117,1475842479710335969,1475842479838061094
118,1475842480043677091,1475842480172405958
119,1475842480377007961,1475842480506805896
120,1475842480710339069,1475842480841232061
121,1475842481043675899,1475842481175560951
122,1475842481377003908,1475842481509990930
123,1475842481710336923,1475842481844384908
124,1475842482043678045,1475842482178793907
125,1475842482377002000,1475842482513206958
126,1475842482710339069,1475842482847635030
127,1475842483043679952,1475842483181993961
128,1475842483377010107,1475842483516341924
129,1475842483710340023,1475842483850780963
130,1475842484043683052,1475842484185209035
131,1475842484377013921,1475842484519593954
132,1475842484710345029,1475842484854026079
133,1475842485043673038,1475842485188421010
134,1475842485377006053,1475842485522754907
135,1475842485710341930,1475842485857250928
136,1475842486043684005,1475842486191541910
137,1475842486377012014,1475842486525954008
138,1475842486710338115,1475842486860394954
139,1475842487043675899,1475842487194829940
140,1475842487377006053,1475842487529155969
141,1475842487710338115,1475842487863671064
142,1475842488043679952,1475842488198136091
143,1475842488377002954,1475842488532536983
144,1475842488710341930,1475842488866946935
145,1475842489043672084,1475842489201318025
146,1475842489377006053,1475842489535746097
147,1475842489710539102,1475842489870122909
148,1475842490043684005,1475842490204705953
149,1475842490377010107,1475842490539015054
150,1475842490710336923,1475842490873470067
151,1475842491043684959,1475842491207833051
152,1475842491377012014,1475842491542238950
153,1475842491710338115,1475842491876619100
154,1475842492043682098,1475842492210964918
155,1475842492377016067,1475842492545418977
156,1475842492710335969,1475842492879825115
157,1475842493043678045,1475842493214165925
158,1475842493377007007,1475842493548675060
159,1475842493710381984,1475842493883219003
160,1475842494043684959,1475842494217549085
161,1475842494377012014,1475842494551919937
162,1475842494710336923,1475842494886363029
163,1475842495043678045,1475842495220710992
164,1475842495377011060,1475842495555186033
165,1475842495710338115,1475842495889609098
166,1475842496043677091,1475842496223958969
167,1475842496377002954,1475842496558316946
168,1475842496710340023,1475842496892734050
169,1475842497043682098,1475842497227099895
170,1475842497377002000,1475842497561490058
171,1475842497710334062,1475842497895920038
172,1475842498043673038,1475842498230220079
173,1475842498377002954,1475842498564713001
174,1475842498710335969,1475842498899060964
175,1475842499043668985,1475842499233421087
176,1475842499377008914,1475842499567787885
177,1475842499710335969,1475842499902228116
178,1475842500043675899,1475842500236577033
179,1475842500377007007,1475842500570952892
180,1475842500710339069,1475842500905441045
181,1475842501043693065,1475842501239783048
182,1475842501377016067,1475842501574170112
183,1475842501710341930,1475842501908765077
184,1475842502043683052,1475842502243129968
185,1475842502377007961,1475842502577575922
186,1475842502710349082,1475842502911917924
187,1475842503043685913,1475842503246280908
188,1475842503377012014,1475842503580667018
189,1475842503710339069,1475842503915158033
190,1475842504043683052,1475842504249521970
191,1475842504377007961,1475842504583889961
192,1475842504710342884,1475842504918318986
193,1475842505043674945,1475842505252649068
194,1475842505377015113,1475842505587048053
195,1475842505710335969,1475842505921454906
196,1475842506043688058,1475842506255830049
197,1475842506377017021,1475842506590184926
198,1475842506710341930,1475842506924666881
199,1475842507043673992,1475842507258971929
200,1475842507377010107,1475842507593349933
201,1475842507710334062,1475842507927855014
202,1475842508043685913,1475842508262146949
203,1475842508377018928,1475842508596529006
204,1475842508710340976,1475842508930968999
205,1475842509043673038,1475842509265381097
206,1475842509377013921,1475842509599750995
207,1475842509710333108,1475842509934396028
208,1475842510043678998,1475842510268686056
209,1475842510377015113,1475842510603122949
210,1475842510710335016,1475842510937520980
211,1475842511043682098,1475842511271872043
212,1475842511377012014,1475842511606257915
213,1475842511710338115,1475842511940691947
214,1475842512043677091,1475842512275255918
215,1475842512377037048,1475842512609483957
216,1475842512710345983,1475842512943911075
217,1475842513043678998,1475842513278251886
218,1475842513377011060,1475842513612629890
219,1475842513710335016,1475842513947114944
220,1475842514043679952,1475842514281429052
221,1475842514377007961,1475842514615792036
222,1475842514710334062,1475842514950251102
223,1475842515043674945,1475842515284646034
224,1475842515377013921,1475842515618982076
225,1475842515710335016,1475842515953478097
226,1475842516043677091,1475842516287780046
227,1475842516377011060,1475842516622147083
228,1475842516710340023,1475842516956614971
229,1475842517043675899,1475842517290951013
230,1475842517377015113,1475842517625508069
231,1475842517710335016,1475842517959945917
232,1475842518043678998,1475842518294244050
233,1475842518377012014,1475842518628695011
234,1475842518710333108,1475842518963186979
235,1475842519043678045,1475842519297151088
236,1475842519377012014,1475842519631510972
237,1475842519710331916,1475842519965925931
238,1475842520043677091,1475842520300271034
239,1475842520377010107,1475842520634744882
240,1475842520710334062,1475842520969090938
241,1475842521043680906,1475842521303442955
242,1475842521377005100,1475842521637818098
243,1475842521710336923,1475842521972229957
244,1475842522043678998,1475842522306627035
245,1475842522377005100,1475842522640966892
246,1475842522710338115,1475842522975471973
247,1475842523043678045,1475842523309865951
248,1475842523377005100,1475842523644224882
249,1475842523710331916,1475842523978780984
250,1475842524043674945,1475842524313174009
251,1475842524377007961,1475842524647481918
252,1475842524710335016,1475842524981904029
253,1475842525043678045,1475842525316266059
254,1475842525377002000,1475842525650619029
255,1475842525710335969,1475842525985184907
256,1475842526043679952,1475842526319513082
257,1475842526377007007,1475842526653884887
258,1475842526710342884,1475842526988302946
259,1475842527043672084,1475842527322670936
260,1475842527377005100,1475842527657054901
261,1475842527710335016,1475842527991477966
262,1475842528043677091,1475842528325874090
263,1475842528377007007,1475842528660206079
264,1475842528710338115,1475842528994723081
265,1475842529043464899,1475842529329052925
266,1475842529377003908,1475842529663371086
267,1475842529710335969,1475842529998008966
268,1475842530043605089,1475842530332305908
269,1475842530377001047,1475842530666668891
270,1475842530710333108,1475842531001100063
271,1475842531043674945,1475842531335464000
272,1475842531376998901,1475842531669868946
273,1475842531710331916,1475842532004266023
274,1475842532043673992,1475842532338644027
275,1475842532377001047,1475842532673077106
276,1475842532710342884,1475842533007421970
277,1475842533043678045,1475842533341804981
278,1475842533377021074,1475842533676165103
279,1475842533710340023,1475842534010596036
280,1475842534043675899,1475842534345067024
281,1475842534377010107,1475842534679400920
282,1475842534710345029,1475842535013864040
283,1475842535043682098,1475842535348216056
284,1475842535377008914,1475842535682604074
285,1475842535710338115,1475842536017031908
286,1475842536043679952,1475842536351381063
287,1475842536377008914,1475842536685796976
288,1475842536710341930,1475842537020169973
289,1475842537043679952,1475842537354644060
290,1475842537377007007,1475842537689017057
291,1475842537710342884,1475842538023358106
292,1475842538043684005,1475842538357770919
293,1475842538377007007,1475842538692122936
294,1475842538710335016,1475842539026556968
295,1475842539043678045,1475842539360977888
296,1475842539377006053,1475842539695399045
297,1475842539710340976,1475842540029843091
298,1475842540043689012,1475842540364166021
299,1475842540377008914,1475842540698637962
300,1475842540710340023,1475842541033068895
301,1475842541043679952,1475842541367424011
302,1475842541377007961,1475842541701930046
303,1475842541710338115,1475842542036416053
304,1475842542043673992,1475842542370835065
305,1475842542377007007,1475842542705287933
306,1475842542710349082,1475842543039654970
307,1475842543043678998,1475842543373986005
308,1475842543377005100,1475842543708472967
309,1475842543710335016,1475842544042920112
310,1475842544043677091,1475842544377598047
311,1475842544377002954,1475842544711602926
312,1475842544710335016,1475842545046068906
313,1475842545043683052,1475842545380208969
314,1475842545377005100,1475842545714751958
315,1475842545710330963,1475842546048834085
316,1475842546043675899,1475842546383316040
317,1475842546377007007,1475842546717457056
318,1475842546710330963,1475842547051973104
319,1475842547043679952,1475842547386176109
320,1475842547377007961,1475842547720566034
321,1475842547710330963,1475842548055125951
322,1475842548043678998,1475842548389494895
323,1475842548377007961,1475842548723664999
324,1475842548710331916,1475842549058145999
325,1475842549043678998,1475842549392303943
326,1475842549377013921,1475842549726819038
327,1475842549710339069,1475842550061171054
328,1475842550043689012,1475842550395703077
329,1475842550377012014,1475842550729835987
330,1475842550710338115,1475842551064407110
331,1475842551043678998,1475842551398459911
332,1475842551377008914,1475842551733078002
333,1475842551710334062,1475842552066878080
334,1475842552043672084,1475842552401420116
335,1475842552377079963,1475842552735547065
336,1475842552710357904,1475842553070005893
337,1475842553043714046,1475842553404139041
338,1475842553377018928,1475842553738697052
339,1475842553710335969,1475842554072839975
340,1475842554043685913,1475842554407345056
341,1475842554377018928,1475842554741569995
342,1475842554710340023,1475842555075973033
343,1475842555043679952,1475842555410130977
344,1475842555377007961,1475842555744684934
345,1475842555710336923,1475842556078754901
346,1475842556043679952,1475842556413271903
347,1475842556377005100,1475842556747392892
348,1475842556710333108,1475842557081852912
349,1475842557043677091,1475842557416008949
350,1475842557377010107,1475842557750485897
351,1475842557710335969,1475842558084743022
352,1475842558043678045,1475842558419143915
353,1475842558377005100,1475842558753283977
354,1475842558710333108,1475842559087735891
355,1475842559043679952,1475842559421879053
356,1475842559377011060,1475842559756370067
357,1475842559710339069,1475842560090496063
358,1475842560043675899,1475842560425085067
359,1475842560377007961,1475842560759206056
360,1475842560710335016,1475842561093650102
361,1475842561043678998,1475842561427803039
362,1475842561377022027,1475842561762506008
363,1475842561710335016,1475842562096642017
364,1475842562043675899,1475842562431132078
365,1475842562377008914,1475842562765286922
366,1475842562710338115,1475842563099714994
367,1475842563043683052,1475842563433887004
368,1475842563377008914,1475842563768459081
369,1475842563710331916,1475842564102575063
370,1475842564043678998,1475842564437074899
371,1475842564377007961,1475842564771245002
372,1475842564710330963,1475842565105691909
373,1475842565043675899,1475842565439830064
374,1475842565377003908,1475842565774398088
375,1475842565710335016,1475842566108455896
376,1475842566043687105,1475842566443073987
377,1475842566377027034,1475842566777141094
378,1475842566710339069,1475842567111613988
379,1475842567043677091,1475842567445771932
380,1475842567377013921,1475842567780245065
381,1475842567710335016,1475842568114399909
382,1475842568043675899,1475842568448860883
383,1475842568377012014,1475842568783045053
384,1475842568710335016,1475842569117470026
385,1475842569043678998,1475842569451613903
386,1475842569377011060,1475842569786134004
387,1475842569710335969,1475842570120387077
388,1475842570043677091,1475842570454967975
389,1475842570377011060,1475842570789074897
390,1475842570710336923,1475842571123523950
391,1475842571043674945,1475842571457674026
392,1475842571377012968,1475842571792268037
393,1475842571710179090,1475842572126337051
394,1475842572043692111,1475842572460846900
395,1475842572377019882,1475842572795072078
396,1475842572710421085,1475842573129466056
397,1475842573043672084,1475842573463608980
398,1475842573377012014,1475842573798149108
399,1475842573710334062,1475842574132235050
400,1475842574043679952,1475842574466763973
401,1475842574377013921,1475842574800940990
402,1475842574710336923,1475842575135381937
403,1475842575043755054,1475842575469557046
404,1475842575377010107,1475842575804079055
405,1475842575710334062,1475842576138187885
406,1475842576043679952,1475842576472686052
407,1475842576377006053,1475842576806854963
408,1475842576710335016,1475842577141287088
409,1475842577043678045,1475842577475455045
410,1475842577377006053,1475842577809967041
411,1475842577710334062,1475842578144105911
412,1475842578043678998,1475842578478590965
413,1475842578377002000,1475842578812763929
414,1475842578710330963,1475842579147237062
415,1475842579043673992,1475842579481393098
416,1475842579377099990,1475842579815948009
417,1475842579710330963,1475842580150110006
418,1475842580043675899,1475842580484673976
419,1475842580376998901,1475842580818761110
420,1475842580710330963,1475842581153162956
421,1475842581043672084,1475842581487341880
422,1475842581376997947,1475842581821850061
423,1475842581710329055,1475842582155975103
424,1475842582043674945,1475842582490469932
425,1475842582376998901,1475842582824696063
426,1475842582710330963,1475842583159101009
427,1475842583043674945,1475842583493283033
428,1475842583376998901,1475842583827828884
429,1475842583710334062,1475842584161876916
430,1475842584043678045,1475842584496406078
431,1475842584377002954,1475842584830575942
432,1475842584710330963,1475842585165119886
433,1475842585043675899,1475842585499275922
434,1475842585376991987,1475842585833760023
435,1475842585710330009,1475842586167862892
436,1475842586043678045,1475842586502408981
437,1475842586376996994,1475842586836535930
438,1475842586710330963,1475842587170985937
439,1475842587043678045,1475842587505160093
440,1475842587376996040,1475842587839674949
441,1475842587710330009,1475842588173810005
442,1475842588043675899,1475842588508418083
443,1475842588376996994,1475842588842552900
444,1475842588710333108,1475842589177031040
445,1475842589043678998,1475842589511185884
446,1475842589376996040,1475842589845733880
447,1475842589710329055,1475842590180005073
448,1475842590043678045,1475842590514559030
449,1475842590376991987,1475842590848618030
450,1475842590710330009,1475842591183162927
451,1475842591043678998,1475842591517256975
452,1475842591376993894,1475842591851758003
453,1475842591710330009,1475842592185868978
454,1475842592043678045,1475842592520418882
455,1475842592377058982,1475842592854640007
456,1475842592710355043,1475842593189032077
457,1475842593043678998,1475842593523386955
458,1475842593376998901,1475842593857888936
459,1475842593710330963,1475842594191982984
460,1475842594043685913,1475842594526501893
461,1475842594376996994,1475842594860671997
462,1475842594710326910,1475842595195213079
463,1475842595043675899,1475842595529372930
464,1475842595376996040,1475842595863976955
465,1475842595710333108,1475842596198194026
466,1475842596043688058,1475842596532588958
467,1475842596377000093,1475842596866720914
468,1475842596710338115,1475842597201183080
469,1475842597043678998,1475842597535336971
470,1475842597376998901,1475842597869838953
471,1475842597710333108,1475842598203948020
472,1475842598043673038,1475842598538487911
473,1475842598376993894,1475842598872623920
474,1475842598710334062,1475842599207118988
475,1475842599043677091,1475842599541315078
476,1475842599376993894,1475842599875808954
477,1475842599710335016,1475842600209923028
478,1475842600043674945,1475842600544477939
479,1475842600376996040,1475842600878607034
480,1475842600710339069,1475842601213120937
481,1475842601043675899,1475842601547252893
482,1475842601377001047,1475842601881791114
483,1475842601710334062,1475842602215831041
484,1475842602043690919,1475842602550328016
485,1475842602377006053,1475842602884583950
486,1475842602710333108,1475842603218972921
487,1475842603043680906,1475842603553183078
488,1475842603377000093,1475842603887685060
489,1475842603710329055,1475842604221749067
490,1475842604043678998,1475842604556265115
491,1475842604377000093,1475842604890434980
492,1475842604710326910,1475842605224965095
493,1475842605043673992,1475842605558963060
494,1475842605376995086,1475842605893551111
495,1475842605710335016,1475842606227607011
496,1475842606043685913,1475842606562102079
497,1475842606377006053,1475842606896259069
498,1475842606710333108,1475842607230712890
499,1475842607043668985,1475842607564882993
500,1475842607376998901,1475842607899400949
501,1475842607710330963,1475842608233506917
502,1475842608043672084,1475842608568042039
503,1475842608376996040,1475842608902173995
504,1475842608710329055,1475842609236661911
505,1475842609043673992,1475842609570812940
506,1475842609377001047,1475842609905502080
507,1475842609710330963,1475842610239562034
508,1475842610043668985,1475842610574196100
509,1475842610376993894,1475842610908235073
510,1475842610710334062,1475842611242688894
511,1475842611043679952,1475842611576841115
512,1475842611376997947,1475842611911441087
513,1475842611710333108,1475842612245544910
514,1475842612043678998,1475842612580070018
515,1475842612377000093,1475842612914262056
516,1475842612710330009,1475842613248694896
517,1475842613043672084,1475842613582935094
518,1475842613376993894,1475842613917393922
519,1475842613710329055,1475842614251477956
520,1475842614043673038,1475842614585990905
521,1475842614377013921,1475842614920150041
522,1475842614710325956,1475842615254757881
523,1475842615043670892,1475842615588860034
524,1475842615376998901,1475842615923430919
525,1475842615710326910,1475842616257525920
526,1475842616043677091,1475842616592011928
527,1475842616377001047,1475842616926199913
528,1475842616710345029,1475842617260648012
529,1475842617043673038,1475842617594820022
530,1475842617376993894,1475842617929341077
531,1475842617710325002,1475842618263422012
532,1475842618043678998,1475842618597943067
533,1475842618376996994,1475842618932126045
534,1475842618710329055,1475842619266573905
535,1475842619043675899,1475842619600718021
536,1475842619377000093,1475842619935245990
537,1475842619710330009,1475842620269335031
538,1475842620043682098,1475842620603843927
539,1475842620376998901,1475842620938189029
540,1475842620710328102,1475842621272593021
541,1475842621043684005,1475842621606921911
542,1475842621377255916,1475842621941682100
543,1475842621710407972,1475842622275930881
544,1475842622043687105,1475842622610337018
545,1475842622377001047,1475842622944554090
546,1475842622710325956,1475842623278959989
547,1475842623043673992,1475842623613152027
548,1475842623376997947,1475842623947699069
549,1475842623710330009,1475842624281807899
550,1475842624043678045,1475842624616374015
551,1475842624376996040,1475842624950494050
552,1475842624710335969,1475842625285032987
553,1475842625043674945,1475842625619147062
554,1475842625376997947,1475842625953691005
555,1475842625710326910,1475842626287892103
556,1475842626043677091,1475842626622401952
557,1475842626377010107,1475842626956675052
558,1475842626710335969,1475842627291167020
559,1475842627043689012,1475842627625286102
560,1475842627377007007,1475842627959886074
561,1475842627710331916,1475842628293972015
562,1475842628043675899,1475842628628499984
563,1475842628377007007,1475842628962711095
564,1475842628710335969,1475842629297149896
565,1475842629043675899,1475842629631310939
566,1475842629377010107,1475842629966020107
567,1475842629710326910,1475842630300091981
568,1475842630043673992,1475842630634684085
569,1475842630376997947,1475842630968956947
570,1475842630710330009,1475842631303337097
571,1475842631043684005,1475842631637530088
572,1475842631377003908,1475842631972022056
573,1475842631710328102,1475842632306274890
574,1475842632043675899,1475842632640649080
575,1475842632377017974,1475842632974813938
576,1475842632710335969,1475842633309273958
577,1475842633043668031,1475842633643420934
578,1475842633377003908,1475842633978071928
579,1475842633710330963,1475842634312056064
580,1475842634043684959,1475842634646568059
581,1475842634377012014,1475842634980720996
582,1475842634710331916,1475842635315264940
583,1475842635043673038,1475842635649332046
584,1475842635377006053,1475842635983854055
585,1475842635710329055,1475842636317981958
586,1475842636043668031,1475842636652462005
587,1475842636377006053,1475842636986655950
588,1475842636710331916,1475842637321261882
589,1475842637043670892,1475842637655416965
590,1475842637377005100,1475842637989950895
591,1475842637710329055,1475842638324093103
592,1475842638043673038,1475842638658564090
593,1475842638377003908,1475842638992752075
594,1475842638710329055,1475842639327203989
595,1475842639043678998,1475842639661338090
596,1475842639377007007,1475842639995906114
597,1475842639710331916,1475842640329971075
598,1475842640043675899,1475842640664527893
599,1475842640376998901,1475842640998709917
600,1475842640710331916,1475842641333190917
601,1475842641043673992,1475842641667285919
602,1475842641377003908,1475842642001827001
603,1475842641710330009,1475842642335931062
604,1475842642043673992,1475842642670433998
605,1475842642377008914,1475842643004684925
606,1475842642710330009,1475842643339150905
607,1475842643043673992,1475842643673316001
608,1475842643376998901,1475842644007884025
609,1475842643710331916,1475842644341969966
610,1475842644043673992,1475842644676480054
611,1475842644377003908,1475842645010682106
612,1475842644710335969,1475842645345099925
613,1475842645043680906,1475842645679358959
614,1475842645377006053,1475842646013808965
615,1475842645710335969,1475842646347913980
616,1475842646043674945,1475842646682429075
617,1475842646377005100,1475842647016594886
618,1475842646710333108,1475842647351042985
619,1475842647043673038,1475842647685235977
620,1475842647376998901,1475842648019730091
621,1475842647710329055,1475842648353828907
622,1475842648043678045,1475842648688358068
623,1475842648376998901,1475842649022495985
624,1475842648710334062,1475842649356993913
625,1475842649043673038,1475842649691139936
626,1475842649376995086,1475842650025835990
627,1475842649710330009,1475842650359889984
628,1475842650043678998,1475842650694489002
629,1475842650376996040,1475842651028580904
630,1475842650710330963,1475842651363074064
631,1475842651043678045,1475842651697201967
632,1475842651377001047,1475842652031831026
633,1475842651710334062,1475842652365911006
634,1475842652043674945,1475842652700402021
635,1475842652376991987,1475842653034591913
636,1475842652710406064,1475842653369112014
637,1475842653043672084,1475842653703222990
638,1475842653377001047,1475842654037784099
639,1475842653710329055,1475842654371834993
640,1475842654043658018,1475842654706368923
641,1475842654377001047,1475842655040513992
642,1475842654710328102,1475842655374969959
643,1475842655043867111,1475842655709136009
644,1475842655377005100,1475842656043721914
645,1475842655710328102,1475842656378065109
646,1475842656044289112,1475842656712497949
647,1475842656377000093,1475842657046658992
648,1475842656710347890,1475842657380866050
649,1475842657043679952,1475842657715636014
650,1475842657377094030,1475842658049626111
651,1475842657710330963,1475842658383783102
652,1475842658043683052,1475842658718348979
653,1475842658376998901,1475842659052566051
654,1475842658710326910,1475842659386703968
655,1475842659043687105,1475842659721378087
656,1475842659377002000,1475842660055449008
657,1475842659710338115,1475842660389584064
658,1475842660043678045,1475842660724317073
659,1475842660376998901,1475842661058444976
660,1475842660710335016,1475842661392560958
661,1475842661043693065,1475842661727180957
662,1475842661377024888,1475842662061371088
663,1475842661710346937,1475842662395505905
664,1475842662043698072,1475842662730072021
665,1475842662377064943,1475842663064279079
666,1475842662710359096,1475842663398329973
667,1475842663043679952,1475842663733042955
668,1475842663377003908,1475842664067047119
669,1475842663710338115,1475842664401181936
670,1475842664043673992,1475842664735775947
671,1475842664377001047,1475842665069920063
672,1475842664710333108,1475842665404150009
673,1475842665043673992,1475842665738652944
674,1475842665376998901,1475842666072768926
675,1475842665710328102,1475842666406949043
676,1475842666043673992,1475842666741525888
677,1475842666376998901,1475842667075690984
678,1475842666710330009,1475842667409820079
679,1475842667043672084,1475842667744473934
680,1475842667376996994,1475842668078548908
681,1475842667710329055,1475842668412683010
682,1475842668043674945,1475842668747287034
683,1475842668377000093,1475842669081417083
684,1475842668710326910,1475842669415594100
685,1475842669043673992,1475842669750139951
686,1475842669377001047,1475842670084573030
687,1475842669710334062,1475842670418605089
688,1475842670043675899,1475842670753278017
689,1475842670376997947,1475842671087308883
690,1475842670710324048,1475842671421533107
691,1475842671043678045,1475842671756081104
692,1475842671377002954,1475842672090173959
693,1475842671710330009,1475842672424436092
694,1475842672043674945,1475842672758975982
695,1475842672377062082,1475842673093208074
696,1475842672710354089,1475842673427272081
697,1475842673043674945,1475842673761857032
698,1475842673377002000,1475842674095974922
699,1475842673710330963,1475842674430121898
700,1475842674043673038,1475842674764765024
701,1475842674377007961,1475842675098922014
702,1475842674710330963,1475842675433078050
703,1475842675043673038,1475842675767709016
704,1475842675377002954,1475842676101747989
705,1475842675710328102,1475842676435940027
706,1475842676043678998,1475842676770606994
707,1475842676377001047,1475842677104743957
708,1475842676710331916,1475842677438874959
709,1475842677043672084,1475842677773492097
710,1475842677376998901,1475842678107661962
711,1475842677710335969,1475842678441819906
712,1475842678043684959,1475842678776407957
713,1475842678377006053,1475842679110518932
714,1475842678710331916,1475842679444683074
715,1475842679043678998,1475842679779272079
716,1475842679377002000,1475842680113399028
717,1475842679710329055,1475842680447560071
718,1475842680043668031,1475842680782191038
719,1475842680377001047,1475842681116285085
720,1475842680710329055,1475842681450478076
721,1475842681043684959,1475842681785094022
722,1475842681377010107,1475842682119215011
723,1475842681710340976,1475842682453344106
724,1475842682043682098,1475842682787938117
725,1475842682377002954,1475842683122068881
726,1475842682710326910,1475842683456235885
727,1475842683043673992,1475842683790854930
728,1475842683376998901,1475842684125022888
729,1475842683710329055,1475842684459207057
730,1475842684043678045,1475842684793756961
731,1475842684377001047,1475842685127882957
732,1475842684710330009,1475842685462030887
733,1475842685043678045,1475842685796713113
734,1475842685376998901,1475842686130795955
735,1475842685710335016,1475842686464977979
736,1475842686043678998,1475842686799580097
737,1475842686377006053,1475842687133683919
738,1475842686710349082,1475842687467837095
739,1475842687043684005,1475842687802474021
740,1475842687377006053,1475842688136568069
741,1475842687710330963,1475842688470722913
742,1475842688043682098,1475842688805318117
743,1475842688377002000,1475842689139436006
744,1475842688710330963,1475842689473601102
745,1475842689043675899,1475842689808237075
746,1475842689377003908,1475842690142565965
747,1475842689710331916,1475842690476604938
748,1475842690043688058,1475842690811224937
749,1475842690377007961,1475842691145340919
750,1475842690710336923,1475842691479485988
751,1475842691043713092,1475842691814120054
752,1475842691377016067,1475842692148240089
753,1475842691710434913,1475842692482403039
754,1475842692043674945,1475842692816997051
755,1475842692377002000,1475842693151082992
756,1475842692710329055,1475842693485244989
757,1475842693043677091,1475842693819829940
758,1475842693376997947,1475842694154031038
759,1475842693710329055,1475842694488097906
760,1475842694043770074,1475842694822717905
761,1475842694377003908,1475842695156831979
762,1475842694710333108,1475842695491000890
763,1475842695043682098,1475842695825676918
764,1475842695376998901,1475842696159703969
765,1475842695710330009,1475842696493920087
766,1475842696043695926,1475842696828649044
767,1475842696377019882,1475842697162748098
768,1475842696710333108,1475842697496896982
769,1475842697043669939,1475842697831475019
770,1475842697377008914,1475842698165615081
771,1475842697710330963,1475842698499768018
772,1475842698043670892,1475842698834418058
773,1475842698377001047,1475842699168531894
774,1475842698710325956,1475842699502685070
775,1475842699043668031,1475842699837296962
776,1475842699377008914,1475842700171412944
777,1475842699710329055,1475842700505548954
778,1475842700043674945,1475842700840140104
779,1475842700377006053,1475842701174401998
780,1475842700710328102,1475842701508568048
781,1475842701043673038,1475842701843173980
782,1475842701377006053,1475842702177222967
783,1475842701710325956,1475842702511425971
784,1475842702043668031,1475842702845979928
785,1475842702377057075,1475842703180080890
786,1475842702710349082,1475842703514297962
787,1475842703043678045,1475842703848881006
788,1475842703377006053,1475842704183094978
789,1475842703710329055,1475842704517180919
790,1475842704043677091,1475842704851756095
791,1475842704377007961,1475842705185875892
792,1475842704710333108,1475842705520023107
793,1475842705043677091,1475842705854720115
794,1475842705377007961,1475842706188811063
795,1475842705710333108,1475842706523036003
796,1475842706043675899,1475842706857604026
797,1475842706377002954,1475842707191696882
798,1475842706710329055,1475842707525882959
799,1475842707043673992,1475842707860491991
800,1475842707377006053,1475842708194587945
801,1475842707710328102,1475842708528758049
802,1475842708043677091,1475842708863336086
803,1475842708377003908,1475842709197571039
804,1475842708710329055,1475842709531725883
805,1475842709043680906,1475842709866357088
806,1475842709377002954,1475842710200705051
807,1475842709710330963,1475842710534779071
808,1475842710043678998,1475842710869379997
809,1475842710377005100,1475842711203481912
810,1475842710710119009,1475842711537739038
811,1475842711043678045,1475842711872344970
812,1475842711377007007,1475842712206516027
813,1475842711710432052,1475842712540661096
814,1475842712043675899,1475842712875204086
815,1475842712377063035,1475842713209316968
816,1475842712710351943,1475842713543487071
817,1475842713043682098,1475842713878149986
818,1475842713377000093,1475842714212251901
819,1475842713710329055,1475842714546437978
820,1475842714043775081,1475842714880989074
821,1475842714377002000,1475842715215137958
822,1475842714710328102,1475842715549309015
823,1475842715043674945,1475842715883989095
824,1475842715376997947,1475842716218020915
825,1475842715710325956,1475842716552179098
826,1475842716043677091,1475842716886761903
827,1475842716376996040,1475842717220895051
828,1475842716710328102,1475842717555054903
829,1475842717043674945,1475842717889640092
830,1475842717376996994,1475842718223871946
831,1475842717710326910,1475842718557990074
832,1475842718043677091,1475842718892554044
833,1475842718376996040,1475842719226660013
834,1475842718710334062,1475842719560807943
835,1475842719043682098,1475842719895450115
836,1475842719377000093,1475842720229559898
837,1475842719710330009,1475842720563817024
838,1475842720043673038,1475842720898309946
839,1475842720377001047,1475842721232425928
840,1475842720710105895,1475842721566586971
841,1475842721043673992,1475842721901189088
842,1475842721377002954,1475842722235289096
843,1475842721710386991,1475842722569448947
844,1475842722043670892,1475842722904098033
845,1475842722377000093,1475842723238200902
846,1475842722710330009,1475842723572323083
847,1475842723043672084,1475842723906917095
848,1475842723376996994,1475842724241054058
849,1475842723710333108,1475842724575400114
850,1475842724043762922,1475842724909995079
851,1475842724377002954,1475842725244205951
852,1475842724710330009,1475842725578320026
853,1475842725043670892,1475842725912992954
854,1475842725376996994,1475842726247030019
855,1475842725710062980,1475842726581192970
856,1475842726043675899,1475842726915864944
857,1475842726376996040,1475842727249916076
858,1475842726710432052,1475842727584158897
859,1475842727043687105,1475842727918668031
860,1475842727377008914,1475842728252773046
861,1475842727710334062,1475842728586941003
862,1475842728043678998,1475842728921516895
863,1475842728376997947,1475842729255666017
864,1475842728710190057,1475842729589795112
865,1475842729043675899,1475842729924629926
866,1475842729376997947,1475842730258682966
867,1475842729710546016,1475842730592816114
868,1475842730043673992,1475842730927457094
869,1475842730376997947,1475842731261538982
870,1475842730710333108,1475842731595722913
871,1475842731043677091,1475842731930285930
872,1475842731376996040,1475842732264444112
873,1475842731710325956,1475842732598536968
874,1475842732043678045,1475842732933170080
875,1475842732376996040,1475842733267281055
876,1475842732710326910,1475842733601422071
877,1475842733043669939,1475842733936012029
878,1475842733376998901,1475842734270142078
879,1475842733710325002,1475842734604356050
880,1475842734043776035,1475842734938941001
881,1475842734377000093,1475842735273133039
882,1475842734710330009,1475842735607222080
883,1475842735043665885,1475842735941827058
884,1475842735376787900,1475842736275965929
885,1475842735710331916,1475842736610112905
886,1475842736043672084,1475842736944801092
887,1475842736377094030,1475842737278858900
888,1475842736710331916,1475842737613032102
889,1475842737043675899,1475842737947642087
890,1475842737376998901,1475842738281724929
891,1475842737710329055,1475842738615875959
892,1475842738043678045,1475842738950464963
893,1475842738377005100,1475842739284605026
894,1475842738710421085,1475842739618745088
895,1475842739043673038,1475842739953370094
896,1475842739376998901,1475842740287571907
897,1475842739710330963,1475842740621691942
898,1475842740043672084,1475842740956299066
899,1475842740377001047,1475842741290424108
900,1475842740710325956,1475842741624614953
901,1475842741043668985,1475842741959208965
902,1475842741376998901,1475842742293443918
903,1475842741710334062,1475842742627547979
904,1475842742043667078,1475842742962126970
905,1475842742377018928,1475842743296255111
906,1475842742710335969,1475842743630461931
907,1475842743043668985,1475842743965029954
908,1475842743376997947,1475842744299149036
909,1475842743710330009,1475842744633297920
910,1475842744043669939,1475842744967959880
911,1475842744376996040,1475842745302043914
912,1475842744710324048,1475842745636193037
913,1475842745043673992,1475842745970771074
914,1475842745377002000,1475842746304903984
915,1475842745710325002,1475842746639040946
916,1475842746043665885,1475842746973701000
917,1475842746376990079,1475842747307744026
918,1475842746710335969,1475842747641875028
919,1475842747043673992,1475842747976481914
920,1475842747376998901,1475842748310574054
921,1475842747710326910,1475842748644758939
922,1475842748043667078,1475842748979300022
923,1475842748376995086,1475842749313514947
924,1475842748710328102,1475842749647557020
925,1475842749043668985,1475842749982358932
926,1475842749376995086,1475842750316447019
927,1475842749710328102,1475842750650578022
928,1475842750043667078,1475842750985210895
929,1475842750376996994,1475842751319323062
930,1475842750710330009,1475842751653529882
931,1475842751043665885,1475842751988063097
932,1475842751376997947,1475842752322287082
933,1475842751710341930,1475842752656302928
934,1475842752043677091,1475842752990992069
935,1475842752377018928,1475842753325058937
936,1475842752710340976,1475842753659137010
937,1475842753043678045,1475842753993828058
938,1475842753377003908,1475842754327847957
939,1475842753710330963,1475842754661968946
940,1475842754043667078,1475842754996608018
941,1475842754376998901,1475842755330698966
942,1475842754710326910,1475842755664834022
943,1475842755043668985,1475842755999432086
944,1475842755376998901,1475842756333586931
945,1475842755710326910,1475842756667789936
946,1475842756043668031,1475842757002334117
947,1475842756376995086,1475842757336404085
948,1475842756710357904,1475842757670520067
949,1475842757043689966,1475842758005130052
950,1475842757377008914,1475842758339215040
951,1475842757710330009,1475842758673360109
952,1475842758043669939,1475842759008079051
953,1475842758376996040,1475842759342169046
954,1475842758710330009,1475842759676287889
955,1475842759043669939,1475842760010958909
956,1475842759376995086,1475842760344993114
957,1475842759710329055,1475842760679133892
958,1475842760043665885,1475842761013767004
959,1475842760376993894,1475842761347837924
960,1475842760710330009,1475842761682051897
961,1475842761043663024,1475842762016588926
962,1475842761376998901,1475842762350719928
963,1475842761710341930,1475842762684839010
964,1475842762043670892,1475842763019412994
965,1475842762377001047,1475842763353606939
966,1475842762710328102,1475842763687705039
967,1475842763043663024,1475842764022409915
968,1475842763376997947,1475842764356471061
969,1475842763710328102,1475842764690715074
970,1475842764043664932,1475842765025281906
971,1475842764377002954,1475842765359369039
972,1475842764710326910,1475842765693650007
973,1475842765043662071,1475842766028110027
974,1475842765377001047,1475842766362248897
975,1475842765710325956,1475842766696374893
976,1475842766043659925,1475842767030934095
977,1475842766377001047,1475842767365063905
978,1475842766710328102,1475842767699224948
979,1475842767043669939,1475842768033812046
980,1475842767377002000,1475842768367883920
981,1475842767710323095,1475842768702032089
982,1475842768043670892,1475842769036607980
983,1475842768377002000,1475842769370743989
984,1475842768710330009,1475842769704879045
985,1475842769043665885,1475842770039613962
986,1475842769376998901,1475842770373871088
987,1475842769710328102,1475842770707815885
988,1475842770043668985,1475842771042398929
989,1475842770376991987,1475842771376502037
990,1475842770710329055,1475842771711112022
991,1475842771043667078,1475842772045196056
992,1475842771376996994,1475842772379313945
993,1475842771710319995,1475842772713538885
994,1475842772043790102,1475842773048115968
995,1475842772376997947,1475842773382224082
996,1475842772710328102,1475842773716407060
997,1475842773043668985,1475842774050534963
998,1475842773377002000,1475842774384999990
999,1475842773710325002,1475842774719181060
