0,1475842838270382881,1475842838272543907
1,1475842838470638990,1475842838473889112
2,1475842838670572042,1475842838674619913
3,1475842838870558023,1475842838875458002
4,1475842839070554971,1475842839076358079
5,1475842839270550966,1475842839277293920
6,1475842839470545053,1475842839478161096
7,1475842839670545101,1475842839679052114
8,1475842839870552062,1475842839880029916
9,1475842840070553064,1475842840080872058
10,1475842840270550966,1475842840281799077
11,1475842840470550060,1475842840482697010
12,1475842840670546054,1475842840683428049
13,1475842840870553016,1475842840884505033
14,1475842841070550918,1475842841085355997
15,1475842841270550012,1475842841286300897
16,1475842841470544099,1475842841487200975
17,1475842841670542955,1475842841688159942
18,1475842841870549917,1475842841889092922
19,1475842842070552110,1475842842090008974
20,1475842842270551919,1475842842290962934
21,1475842842470596075,1475842842491902112
22,1475842842670569896,1475842842692821979
23,1475842842870685100,1475842842894011974
24,1475842843070780038,1475842843094903945
25,1475842843270772933,1475842843295979976
26,1475842843470762968,1475842843496872901
27,1475842843670763969,1475842843697849988
28,1475842843870775938,1475842843898763895
29,1475842844070768117,1475842844099664926
30,1475842844270767927,1475842844300618886
31,1475842844470763921,1475842844501523017
32,1475842844670759916,1475842844702478885
33,1475842844870764970,1475842844903544902
34,1475842845070768117,1475842845104319095
35,1475842845270764112,1475842845305229902
36,1475842845470762968,1475842845506113052
37,1475842845670761108,1475842845706769943
38,1475842845870767116,1475842845907927036
39,1475842846070787906,1475842846108824968
40,1475842846270766973,1475842846309734106
41,1475842846470765113,1475842846510617017
42,1475842846670761108,1475842846711258888
43,1475842846870775938,1475842846912437915
44,1475842847070772886,1475842847113368034
45,1475842847270781040,1475842847314305067
46,1475842847470808029,1475842847515214920
47,1475842847670777082,1475842847715821981
48,1475842847870773077,1475842847916995048
49,1475842848070774078,1475842848117877960
50,1475842848270766973,1475842848318794965
51,1475842848470762014,1475842848519679069
52,1475842848670763015,1475842848720341920
53,1475842848870770931,1475842848921227931
54,1475842849070780992,1475842849122108936
55,1475842849270766973,1475842849323066949
56,1475842849470757007,1475842849524038076
57,1475842849670763969,1475842849724883079
58,1475842849870769023,1475842849926050901
59,1475842850070775985,1475842850126883983
60,1475842850270768880,1475842850327801942
61,1475842850470772027,1475842850528688907
62,1475842850670770883,1475842850729578971
63,1475842850870767116,1475842850930466890
64,1475842851070772886,1475842851131355047
65,1475842851270766973,1475842851332262039
66,1475842851470761060,1475842851533209085
67,1475842851670763969,1475842851734059095
68,1475842851870771884,1475842851934963941
69,1475842852070768117,1475842852135827064
70,1475842852270766973,1475842852336766958
71,1475842852470766067,1475842852537631034
72,1475842852670763969,1475842852738548040
73,1475842852870770931,1475842852939416885
74,1475842853070776939,1475842853140286922
75,1475842853270765066,1475842853341202020
76,1475842853470762014,1475842853542084932
77,1475842853670762062,1475842853743042945
78,1475842853870770931,1475842853943985939
79,1475842854070776939,1475842854144815921
80,1475842854270765066,1475842854345747947
81,1475842854470763921,1475842854546637058
82,1475842854670767068,1475842854747556924
83,1475842854870760917,1475842854948451042
84,1475842855070766925,1475842855149302959
85,1475842855270762920,1475842855350213050
86,1475842855470760107,1475842855551096916
87,1475842855670753955,1475842855752007961
88,1475842855870764970,1475842855952999114
89,1475842856070770025,1475842856153868913
90,1475842856270765066,1475842856354779005
91,1475842856470757007,1475842856555684089
92,1475842856670752048,1475842856756613016
93,1475842856870759963,1475842856957489967
94,1475842857070758104,1475842857158334016
95,1475842857270757913,1475842857359267950
96,1475842857470762014,1475842857560183048
97,1475842857670758962,1475842857761092901
98,1475842857870760917,1475842857961947917
99,1475842858070765972,1475842858162827968
100,1475842858270759105,1475842858363925933
101,1475842858470756053,1475842858564815998
102,1475842858670758962,1475842858765757083
103,1475842858870758056,1475842858966624975
104,1475842859070760965,1475842859167495965
105,1475842859270755052,1475842859368395090
106,1475842859470753908,1475842859569288015
107,1475842859670758962,1475842859770236015
108,1475842859870763063,1475842859971169948
109,1475842860070760965,1475842860172022104
110,1475842860270757913,1475842860373023986
111,1475842860470757961,1475842860573941946
112,1475842860670757055,1475842860774869918
113,1475842860870760917,1475842860975735902
114,1475842861070758104,1475842861176593065
115,1475842861270755052,1475842861377502918
116,1475842861470757961,1475842861578378915
117,1475842861670757055,1475842861779323101
118,1475842861870763063,1475842861980294942
119,1475842862070760965,1475842862181164026
120,1475842862270806074,1475842862382162094
121,1475842862470799922,1475842862583061933
122,1475842862670769929,1475842862784009933
123,1475842862870762109,1475842862984832048
124,1475842863070765018,1475842863185698986
125,1475842863270761013,1475842863386606931
126,1475842863470757007,1475842863587503910
127,1475842863670758962,1475842863788494110
128,1475842863870965003,1475842863989300966
129,1475842864070765972,1475842864190167903
130,1475842864270760059,1475842864391071081
131,1475842864470757007,1475842864591957092
132,1475842864670753002,1475842864792968034
133,1475842864870775938,1475842864994031906
134,1475842865070761919,1475842865194948911
135,1475842865270759105,1475842865395832061
136,1475842865470752000,1475842865596738100
137,1475842865670753002,1475842865797712087
138,1475842865870757102,1475842865998522996
139,1475842866070760965,1475842866199419975
140,1475842866270755052,1475842866400295972
141,1475842866470755100,1475842866601176977
142,1475842866670754909,1475842866802160978
143,1475842866870755910,1475842867003070116
144,1475842867070760965,1475842867204004049
145,1475842867270759105,1475842867404937028
146,1475842867470773935,1475842867605766057
147,1475842867670764923,1475842867806741952
148,1475842867870760917,1475842868007544040
149,1475842868070763111,1475842868208455085
150,1475842868270760059,1475842868409310102
151,1475842868470757961,1475842868610203981
152,1475842868670758008,1475842868811194896
153,1475842868870763063,1475842869011993885
154,1475842869070761919,1475842869212994098
155,1475842869270756006,1475842869413903951
156,1475842869470756053,1475842869614768981
157,1475842869670758008,1475842869815856933
158,1475842869870763063,1475842870016894102
159,1475842870070765018,1475842870217722892
160,1475842870270761013,1475842870418637037
161,1475842870470755100,1475842870619513988
162,1475842870670756101,1475842870820518970
163,1475842870870762109,1475842871021339893
164,1475842871070765972,1475842871222223043
165,1475842871270760059,1475842871423250913
166,1475842871470755100,1475842871624074935
167,1475842871670753955,1475842871825074911
168,1475842871870759963,1475842872025895118
169,1475842872070763111,1475842872226783037
170,1475842872270803928,1475842872427706956
171,1475842872470771074,1475842872628556966
172,1475842872670756101,1475842872829555988
173,1475842872870765924,1475842873030371904
174,1475842873070763111,1475842873231300115
175,1475842873270761013,1475842873432142019
176,1475842873470757007,1475842873633220911
177,1475842873670754909,1475842873834180116
178,1475842873870961904,1475842874035290956
179,1475842874070761919,1475842874236270904
180,1475842874270761013,1475842874437102079
181,1475842874470758914,1475842874637960910
182,1475842874670754909,1475842874838926076
183,1475842874870781898,1475842875039813995
184,1475842875070760011,1475842875240677118
185,1475842875270757913,1475842875441562891
186,1475842875470755100,1475842875642427921
187,1475842875670753002,1475842875843491077
188,1475842875870757102,1475842876044291019
189,1475842876070770978,1475842876245151042
190,1475842876270765066,1475842876446059942
191,1475842876470757961,1475842876646919965
192,1475842876670753955,1475842876847889900
193,1475842876870759963,1475842877048779010
194,1475842877070759057,1475842877249638080
195,1475842877270757913,1475842877450509071
196,1475842877470756053,1475842877651367902
197,1475842877670756101,1475842877852320909
198,1475842877870760917,1475842878053342103
199,1475842878070760965,1475842878254177093
200,1475842878270760059,1475842878454972028
201,1475842878470757007,1475842878655854940
202,1475842878670756101,1475842878856806993
203,1475842878870960950,1475842879057722091
204,1475842879070763111,1475842879258563995
205,1475842879270760059,1475842879459439039
206,1475842879470752954,1475842879660320997
207,1475842879670754909,1475842879861260890
208,1475842879870764017,1475842880062155008
209,1475842880070758104,1475842880263122081
210,1475842880270757913,1475842880463917016
211,1475842880470751047,1475842880664783954
212,1475842880670753002,1475842880865752935
213,1475842880870759963,1475842881066761016
214,1475842881070794105,1475842881267513036
215,1475842881270766973,1475842881468394994
216,1475842881470761060,1475842881669260978
217,1475842881670758962,1475842881870296955
218,1475842881870769023,1475842882071511030
219,1475842882070760011,1475842882272049903
220,1475842882270750045,1475842882473217964
221,1475842882470752000,1475842882673691034
222,1475842882670753002,1475842882874758005
223,1475842882870768070,1475842883075403928
224,1475842883070765018,1475842883276424884
225,1475842883270761013,1475842883477096080
226,1475842883470752954,1475842883678102970
227,1475842883670754909,1475842883878804922
228,1475842883870763063,1475842884079785108
229,1475842884070768117,1475842884280458927
230,1475842884270762920,1475842884481467008
231,1475842884470757007,1475842884682136058
232,1475842884670753955,1475842884883275032
233,1475842884870767116,1475842885083825111
234,1475842885070761919,1475842885284874916
235,1475842885270762920,1475842885485496997
236,1475842885470757007,1475842885686554908
237,1475842885670756101,1475842885887279033
238,1475842885870764970,1475842886088280916
239,1475842886070794105,1475842886288997888
240,1475842886270771980,1475842886489991903
241,1475842886470757007,1475842886690767049
242,1475842886670751094,1475842886891839027
243,1475842886870768070,1475842887092459917
244,1475842887070765972,1475842887293559074
245,1475842887270766019,1475842887494210004
246,1475842887470753908,1475842887695266962
247,1475842887670753955,1475842887895900964
248,1475842887870768070,1475842888096904039
249,1475842888070768117,1475842888297609090
250,1475842888270760059,1475842888498606920
251,1475842888470755100,1475842888699258089
252,1475842888670752048,1475842888900270938
253,1475842888870767116,1475842889100959062
254,1475842889070763111,1475842889301948070
255,1475842889270761013,1475842889502594947
256,1475842889470753908,1475842889703794956
257,1475842889670754909,1475842889904633045
258,1475842889870764970,1475842890105542898
259,1475842890070765972,1475842890306195020
260,1475842890270761013,1475842890507220983
261,1475842890470755100,1475842890707834005
262,1475842890670752048,1475842890908848047
263,1475842890870799064,1475842891109472990
264,1475842891070776939,1475842891310476064
265,1475842891270764112,1475842891511128902
266,1475842891470752954,1475842891712120056
267,1475842891670753002,1475842891912776947
268,1475842891870765924,1475842892113852024
269,1475842892070764064,1475842892314519882
270,1475842892270757913,1475842892515544891
271,1475842892470756053,1475842892716172933
272,1475842892670753955,1475842892917180061
273,1475842892870764017,1475842893117814064
274,1475842893070761919,1475842893318840980
275,1475842893270762920,1475842893519499063
276,1475842893470757961,1475842893720519065
277,1475842893670756101,1475842893921152114
278,1475842893870763063,1475842894122123956
279,1475842894070766925,1475842894322828054
280,1475842894270764112,1475842894523838043
281,1475842894470760107,1475842894724474906
282,1475842894670754909,1475842894925502061
283,1475842894870770931,1475842895126189947
284,1475842895070770025,1475842895327136993
285,1475842895270761966,1475842895527782917
286,1475842895470760107,1475842895728962898
287,1475842895670757055,1475842895929450035
288,1475842895870778083,1475842896130436897
289,1475842896070772886,1475842896331098079
290,1475842896270765066,1475842896532093048
291,1475842896470757961,1475842896732842922
292,1475842896670753002,1475842896933823108
293,1475842896870765924,1475842897134454011
294,1475842897070760965,1475842897335479021
295,1475842897270761966,1475842897536144018
296,1475842897470758914,1475842897737247943
297,1475842897670749902,1475842897937853097
298,1475842897870768070,1475842898138827085
299,1475842898070761919,1475842898339503049
300,1475842898270761013,1475842898540510892
301,1475842898470755100,1475842898741164922
302,1475842898670761108,1475842898942142963
303,1475842898870769023,1475842899142806053
304,1475842899070766925,1475842899343962907
305,1475842899270762920,1475842899544609069
306,1475842899470755100,1475842899745855093
307,1475842899670756101,1475842899946331977
308,1475842899870786905,1475842900147272109
309,1475842900070775032,1475842900347923040
310,1475842900270761966,1475842900548919916
311,1475842900470757007,1475842900749598979
312,1475842900670756101,1475842900950596094
313,1475842900870767116,1475842901151213884
314,1475842901070765018,1475842901352253913
315,1475842901270760059,1475842901553020954
316,1475842901470755100,1475842901754008054
317,1475842901670758008,1475842901954617977
318,1475842901870767116,1475842902155594110
319,1475842902070760965,1475842902356300115
320,1475842902270809888,1475842902557271957
321,1475842902470769882,1475842902757992029
322,1475842902670753955,1475842902958919048
323,1475842902870765924,1475842903159553050
324,1475842903070765018,1475842903360569000
325,1475842903270760059,1475842903561217069
326,1475842903470757007,1475842903762264013
327,1475842903670763969,1475842903963084936
328,1475842903870769977,1475842904163952112
329,1475842904070761919,1475842904364638090
330,1475842904270766019,1475842904565665960
331,1475842904470760107,1475842904766335964
332,1475842904670753002,1475842904967308044
333,1475842904870764017,1475842905167937994
334,1475842905070765018,1475842905368989944
335,1475842905270759105,1475842905569619894
336,1475842905470758914,1475842905770648002
337,1475842905670752048,1475842905971312999
338,1475842905870764017,1475842906172280073
339,1475842906070761919,1475842906373152971
340,1475842906270761966,1475842906573951005
341,1475842906470761060,1475842906774643898
342,1475842906670757055,1475842906975635051
343,1475842906870765924,1475842907176271915
344,1475842907070761919,1475842907377301931
345,1475842907270760059,1475842907577948093
346,1475842907470755100,1475842907779000043
347,1475842907670753002,1475842907979608058
348,1475842907870764017,1475842908180583953
349,1475842908070765018,1475842908381268024
350,1475842908270759105,1475842908582237958
351,1475842908470755100,1475842908783124923
352,1475842908670754909,1475842908983942985
353,1475842908870768070,1475842909184581995
354,1475842909070765972,1475842909385607957
355,1475842909270762920,1475842909586265087
356,1475842909470757961,1475842909787363052
357,1475842909670753955,1475842909988143920
358,1475842909870764970,1475842910189045906
359,1475842910070760965,1475842910389775991
360,1475842910270761966,1475842910590732097
361,1475842910470753908,1475842910791400909
362,1475842910670753955,1475842910992391109
363,1475842910870765924,1475842911193195104
364,1475842911070765018,1475842911394048929
365,1475842911270760059,1475842911594706058
366,1475842911470757961,1475842911795744895
367,1475842911670752048,1475842911996392011
368,1475842911870762109,1475842912197318077
369,1475842912070764064,1475842912398041963
370,1475842912270806074,1475842912598972082
371,1475842912470772027,1475842912799664974
372,1475842912670758962,1475842913000650882
373,1475842912870769023,1475842913201201915
374,1475842913070765018,1475842913402224063
375,1475842913270762920,1475842913603082895
376,1475842913470766067,1475842913803919076
377,1475842913670758008,1475842914004553079
378,1475842913870763063,1475842914205533027
379,1475842914070763111,1475842914406230926
380,1475842914270765066,1475842914607208967
381,1475842914470755100,1475842914807897090
382,1475842914670753955,1475842915008867979
383,1475842914870767116,1475842915209489107
384,1475842915070760965,1475842915410521030
385,1475842915270761966,1475842915611187934
386,1475842915470757961,1475842915812212944
387,1475842915670754909,1475842916012960910
388,1475842915870763063,1475842916213918924
389,1475842916070763111,1475842916414592027
390,1475842916270759105,1475842916615560054
391,1475842916470757961,1475842916816265106
392,1475842916670753955,1475842917017251968
393,1475842916870764017,1475842917217873096
394,1475842917070765972,1475842917418905973
395,1475842917270761013,1475842917619544029
396,1475842917470757007,1475842917820590972
397,1475842917670758008,1475842918021224021
398,1475842917870764017,1475842918222199916
399,1475842918070764064,1475842918423026084
400,1475842918270760059,1475842918623882055
401,1475842918470757961,1475842918824645996
402,1475842918670758008,1475842919025566101
403,1475842918870779991,1475842919226186037
404,1475842919070770978,1475842919427232980
405,1475842919270765066,1475842919627856969
406,1475842919470757961,1475842919828907012
407,1475842919670754909,1475842920029546976
408,1475842919870765924,1475842920230510950
409,1475842920070765972,1475842920431202888
410,1475842920270759105,1475842920632169961
411,1475842920470757007,1475842920833039045
412,1475842920670757055,1475842921033873081
413,1475842920870765924,1475842921234524011
414,1475842921070761919,1475842921435564041
415,1475842921270756959,1475842921636272907
416,1475842921470758914,1475842921837239027
417,1475842921670770883,1475842922037904024
418,1475842921870770931,1475842922239104986
419,1475842922070765018,1475842922439655065
420,1475842922270761966,1475842922640631914
421,1475842922470756053,1475842922841335058
422,1475842922670752048,1475842923042310953
423,1475842922870763063,1475842923243163108
424,1475842923070760011,1475842923444036006
425,1475842923270761013,1475842923644649028
426,1475842923470758914,1475842923845704078
427,1475842923670751094,1475842924046338081
428,1475842923870763063,1475842924247375011
429,1475842924070761919,1475842924447983980
430,1475842924270760059,1475842924648966073
431,1475842924470757961,1475842924849678039
432,1475842924670757055,1475842925050636053
433,1475842924870767116,1475842925251266002
434,1475842925070765972,1475842925452289104
435,1475842925270761013,1475842925653098106
436,1475842925470760107,1475842925854016065
437,1475842925670753955,1475842926054714918
438,1475842925870764970,1475842926255737066
439,1475842926070761919,1475842926456372022
440,1475842926270761966,1475842926657314062
441,1475842926470756053,1475842926858016967
442,1475842926670752048,1475842927058993101
443,1475842926870764017,1475842927259630918
444,1475842927070764064,1475842927460628986
445,1475842927270765066,1475842927661263942
446,1475842927470752000,1475842927862287044
447,1475842927670747995,1475842928063081979
448,1475842927870764017,1475842928263947963
449,1475842928070760965,1475842928464586019
450,1475842928270760059,1475842928665569067
451,1475842928470752954,1475842928866328001
452,1475842928670753002,1475842929067308902
453,1475842928870760917,1475842929267925024
454,1475842929070760011,1475842929468916893
455,1475842929270760059,1475842929669591903
456,1475842929470756053,1475842929870692968
457,1475842929670752048,1475842930071803092
458,1475842929871144056,1475842930272244930
459,1475842930070782899,1475842930473104953
460,1475842930270785093,1475842930674015045
461,1475842930470766067,1475842930874702930
462,1475842930670763969,1475842931075334072
463,1475842930870771884,1475842931276463985
464,1475842931070770978,1475842931477128028
465,1475842931270766973,1475842931677756071
466,1475842931470763921,1475842931878882884
467,1475842931670761108,1475842932079540967
468,1475842931870774030,1475842932280200958
469,1475842932070771932,1475842932481307029
470,1475842932270771980,1475842932681951045
471,1475842932470767974,1475842932882646083
472,1475842932670761108,1475842933083826065
473,1475842932870774984,1475842933284540891
474,1475842933070770025,1475842933485151052
475,1475842933270766973,1475842933686270952
476,1475842933470763921,1475842933886970043
477,1475842933670762062,1475842934087603092
478,1475842933870773077,1475842934288707971
479,1475842934070769071,1475842934489351987
480,1475842934270770072,1475842934690016031
481,1475842934470765113,1475842934891134023
482,1475842934670761108,1475842935091779947
483,1475842934870788097,1475842935292494058
484,1475842935070775032,1475842935493709087
485,1475842935270768880,1475842935694390058
486,1475842935470767021,1475842935895039081
487,1475842935670761108,1475842936096129894
488,1475842935870770931,1475842936296819925
489,1475842936070772886,1475842936497453927
490,1475842936270765066,1475842936698575019
491,1475842936470758914,1475842936899250984
492,1475842936670759916,1475842937099889039
493,1475842936870769023,1475842937300997018
494,1475842937070771932,1475842937501656055
495,1475842937270767927,1475842937702317953
496,1475842937470762014,1475842937903563022
497,1475842937670758962,1475842938104176998
498,1475842937870806932,1475842938304836034
499,1475842938070780038,1475842938505922079
500,1475842938270766973,1475842938706573009
501,1475842938470762014,1475842938907226085
502,1475842938670761108,1475842939108355045
503,1475842938870764017,1475842939308995008
504,1475842939070775985,1475842939509627103
505,1475842939270767927,1475842939710894107
506,1475842939470765113,1475842939911462068
507,1475842939670761108,1475842940112109899
508,1475842939870769977,1475842940313308000
509,1475842940070771932,1475842940513992071
510,1475842940270768880,1475842940714613914
511,1475842940470767974,1475842940915728092
512,1475842940670763969,1475842941116377115
513,1475842940870768070,1475842941317022085
514,1475842941070769071,1475842941518119096
515,1475842941270766019,1475842941718764066
516,1475842941470763921,1475842941919433116
517,1475842941670763015,1475842942120506048
518,1475842941870768070,1475842942321157932
519,1475842942070768117,1475842942521811962
520,1475842942270767927,1475842942723047971
521,1475842942470763921,1475842942923587083
522,1475842942670762062,1475842943124218940
523,1475842942870768070,1475842943325367927
524,1475842943070770978,1475842943525984048
525,1475842943270768880,1475842943726654052
526,1475842943470767974,1475842943927733898
527,1475842943670763969,1475842944128385066
528,1475842943870769023,1475842944329058885
529,1475842944070769071,1475842944530147075
530,1475842944270766019,1475842944730787038
531,1475842944470765113,1475842944931472063
532,1475842944670763015,1475842945132524967
533,1475842944870804071,1475842945333331108
534,1475842945070784091,1475842945533972024
535,1475842945270767927,1475842945735055923
536,1475842945470762968,1475842945935739994
537,1475842945670763969,1475842946136392116
538,1475842945870769023,1475842946337464094
539,1475842946070770978,1475842946538136005
540,1475842946270762920,1475842946738773107
541,1475842946470767021,1475842946939888954
542,1475842946670763015,1475842947140517950
543,1475842946870764970,1475842947341232061
544,1475842947070774078,1475842947542279958
545,1475842947270766019,1475842947743022918
546,1475842947470762968,1475842947943622112
547,1475842947670763969,1475842948144687891
548,1475842947870769977,1475842948345338106
549,1475842948070769071,1475842948546021938
550,1475842948270766019,1475842948747095108
551,1475842948470763921,1475842948947767972
552,1475842948670763015,1475842949148399114
553,1475842948870770931,1475842949349528074
554,1475842949070771932,1475842949550182104
555,1475842949270766973,1475842949750950098
556,1475842949470767021,1475842949952330112
557,1475842949670763969,1475842950153168916
558,1475842949870769977,1475842950353732109
559,1475842950070768117,1475842950554810047
560,1475842950270768880,1475842950755564928
561,1475842950470767021,1475842950956130027
562,1475842950670763015,1475842951157237052
563,1475842950870784997,1475842951357873916
564,1475842951070781946,1475842951558533906
565,1475842951270776987,1475842951759640932
566,1475842951470768928,1475842951960280895
567,1475842951670767068,1475842952160913944
568,1475842951870769023,1475842952362061977
569,1475842952070770978,1475842952562783956
570,1475842952270813941,1475842952763545036
571,1475842952470781087,1475842952964565038
572,1475842952670770883,1475842953165184020
573,1475842952870770931,1475842953365956068
574,1475842953070770978,1475842953566922903
575,1475842953270765066,1475842953767693996
576,1475842953470763921,1475842953968245983
577,1475842953670764923,1475842954169295072
578,1475842953870765924,1475842954369950056
579,1475842954070770978,1475842954570605039
580,1475842954270766019,1475842954771708965
581,1475842954470766067,1475842954972358942
582,1475842954670764923,1475842955173228979
583,1475842954870769977,1475842955374264955
584,1475842955070772886,1475842955574887037
585,1475842955270767927,1475842955775564908
586,1475842955470765113,1475842955976665019
587,1475842955670764923,1475842956177272081
588,1475842955870764970,1475842956377960920
589,1475842956070765972,1475842956579040050
590,1475842956270768880,1475842956779813051
591,1475842956470765113,1475842956980359077
592,1475842956670762062,1475842957181411027
593,1475842956870784997,1475842957382113933
594,1475842957070774078,1475842957582844018
595,1475842957270767927,1475842957783914089
596,1475842957470766067,1475842957984536886
597,1475842957670764923,1475842958185163974
598,1475842957870783090,1475842958386251926
599,1475842958070775985,1475842958586915969
600,1475842958270768880,1475842958787601947
601,1475842958470766067,1475842958988683938
602,1475842958670768976,1475842959189299106
603,1475842958870769977,1475842959390002012
604,1475842959070771932,1475842959591058969
605,1475842959270767927,1475842959791731119
606,1475842959470766067,1475842959992563009
607,1475842959670766115,1475842960193664073
608,1475842959870769023,1475842960394323110
609,1475842960070768117,1475842960594986915
610,1475842960270766019,1475842960796128988
611,1475842960470762014,1475842960996800899
612,1475842960670767068,1475842961197391986
613,1475842960870769023,1475842961398516893
614,1475842961070770978,1475842961599164009
615,1475842961270766019,1475842961799843072
616,1475842961470767021,1475842962000911951
617,1475842961670761108,1475842962201539993
618,1475842961870768070,1475842962402221918
619,1475842962070768117,1475842962603424072
620,1475842962270814895,1475842962804128885
621,1475842962470781087,1475842963004746913
622,1475842962670767068,1475842963205790996
623,1475842962870773077,1475842963406466007
624,1475842963070774078,1475842963607132911
625,1475842963270764112,1475842963808281898
626,1475842963470763921,1475842964008917093
627,1475842963670763015,1475842964209541082
628,1475842963870770931,1475842964410650014
629,1475842964070770025,1475842964611298084
630,1475842964270767927,1475842964811978101
631,1475842964470768928,1475842965013171911
632,1475842964670763015,1475842965213685989
633,1475842964870771884,1475842965414367914
634,1475842965070770025,1475842965615439891
635,1475842965270771026,1475842965816274881
636,1475842965470766067,1475842966016860008
637,1475842965670762062,1475842966217921972
638,1475842965870767116,1475842966418615102
639,1475842966070766925,1475842966619231939
640,1475842966270766973,1475842966820370912
641,1475842966470763921,1475842967021127939
642,1475842966670763015,1475842967221834897
643,1475842966870768070,1475842967423039913
644,1475842967070774078,1475842967623497962
645,1475842967270765066,1475842967824203968
646,1475842967470765113,1475842968025274038
647,1475842967670763969,1475842968225910902
648,1475842967870764970,1475842968426589012
649,1475842968070772886,1475842968627657890
650,1475842968270765066,1475842968828371047
651,1475842968470760107,1475842969029035091
652,1475842968670761108,1475842969230046987
653,1475842968870767116,1475842969430763959
654,1475842969070769071,1475842969631366014
655,1475842969270764112,1475842969832525968
656,1475842969470761060,1475842970033233880
657,1475842969670783996,1475842970233840942
658,1475842969871026992,1475842970434952974
659,1475842970070791959,1475842970635597944
660,1475842970270766973,1475842970836335897
661,1475842970470772981,1475842971037446022
662,1475842970670762062,1475842971238037109
663,1475842970870801925,1475842971438708066
664,1475842971070770025,1475842971639781951
665,1475842971270778894,1475842971840487003
666,1475842971470768928,1475842972041124105
667,1475842971670762062,1475842972242197036
668,1475842971870768070,1475842972443000078
669,1475842972070769071,1475842972643517971
670,1475842972270762920,1475842972844654083
671,1475842972470762968,1475842973045301914
672,1475842972670763969,1475842973245933055
673,1475842972870767116,1475842973447040081
674,1475842973070861101,1475842973647679090
675,1475842973270765066,1475842973848417043
676,1475842973470854043,1475842974049478054
677,1475842973670759916,1475842974250118017
678,1475842973870767116,1475842974450815916
679,1475842974070769071,1475842974651865959
680,1475842974270766973,1475842974852650880
681,1475842974470766067,1475842975053317070
682,1475842974670761108,1475842975254370927
683,1475842974870784997,1475842975455034017
684,1475842975070775985,1475842975655716896
685,1475842975270762920,1475842975856851100
686,1475842975470760107,1475842976057451963
687,1475842975670763015,1475842976258085012
688,1475842975870764970,1475842976459223985
689,1475842976070768117,1475842976659837007
690,1475842976270762920,1475842976860552072
691,1475842976470761060,1475842977061605930
692,1475842976670758962,1475842977262276887
693,1475842976870767116,1475842977463139057
694,1475842977070770978,1475842977664048910
695,1475842977270762920,1475842977864804029
696,1475842977470765113,1475842978065406084
697,1475842977670761108,1475842978266478061
698,1475842977870767116,1475842978467134952
699,1475842978070765018,1475842978667781114
700,1475842978270766019,1475842978868933916
701,1475842978470758914,1475842979069572925
702,1475842978670758962,1475842979270215034
703,1475842978870764017,1475842979471326112
704,1475842979070764064,1475842979671926975
705,1475842979270761966,1475842979872745990
706,1475842979470757961,1475842980073882102
707,1475842979670758962,1475842980274566888
708,1475842979870773077,1475842980475234985
709,1475842980070779085,1475842980675888061
710,1475842980270767927,1475842980877135992
711,1475842980470767974,1475842981077800989
712,1475842980670767068,1475842981278557062
713,1475842980870779037,1475842981479119062
714,1475842981070774078,1475842981680308103
715,1475842981270766973,1475842981880955934
716,1475842981470773935,1475842982081630945
717,1475842981670764923,1475842982282258987
718,1475842981870785951,1475842982483640909
719,1475842982070787906,1475842982684287071
720,1475842982270786046,1475842982884947061
721,1475842982470784902,1475842983085587024
722,1475842982670778989,1475842983286811113
723,1475842982870807886,1475842983487446069
724,1475842983070811986,1475842983688095092
725,1475842983270807027,1475842983888781070
726,1475842983470799922,1475842984089953899
727,1475842983670799016,1475842984290627002
728,1475842983870812892,1475842984491286039
729,1475842984070797920,1475842984691973924
730,1475842984270792961,1475842984893244981
731,1475842984470784902,1475842985093924045
732,1475842984670782089,1475842985294579982
733,1475842984870774984,1475842985495244979
734,1475842985070797920,1475842985696460008
735,1475842985270782947,1475842985897113084
736,1475842985470772981,1475842986097753047
737,1475842985670766115,1475842986298417091
738,1475842985870774984,1475842986499598026
739,1475842986070779085,1475842986700275897
740,1475842986270771026,1475842986900958061
741,1475842986470767021,1475842987101583957
742,1475842986670763015,1475842987302910089
743,1475842986870773077,1475842987503453016
744,1475842987070775032,1475842987704070091
745,1475842987270766019,1475842987904737949
746,1475842987470763921,1475842988105920076
747,1475842987670763969,1475842988306559085
748,1475842987870769977,1475842988507251977
749,1475842988070775032,1475842988707875013
750,1475842988270771026,1475842988909071922
751,1475842988470773935,1475842989109724044
752,1475842988670766115,1475842989310380935
753,1475842988870774984,1475842989511087894
754,1475842989070789098,1475842989712193012
755,1475842989270787954,1475842989913199901
756,1475842989470782995,1475842990113760948
757,1475842989670778989,1475842990314407110
758,1475842989870804071,1475842990515662908
759,1475842990070791006,1475842990716334104
760,1475842990270802021,1475842990916939973
761,1475842990470798969,1475842991117579936
762,1475842990670798063,1475842991318763971
763,1475842990870810985,1475842991519422054
764,1475842991070804119,1475842991720084905
765,1475842991270788908,1475842991920737028
766,1475842991470782995,1475842992121886968
767,1475842991670780897,1475842992322612047
768,1475842991870773077,1475842992523269891
769,1475842992070769071,1475842992723907947
770,1475842992270819902,1475842992925091981
771,1475842992470801115,1475842993125737905
772,1475842992670763969,1475842993326405048
773,1475842992870774030,1475842993527108907
774,1475842993070771932,1475842993728256940
775,1475842993270766973,1475842993928891897
776,1475842993470769882,1475842994129544973
777,1475842993670764923,1475842994330200910
778,1475842993870769023,1475842994531426906
779,1475842994070770025,1475842994732124090
780,1475842994270767927,1475842994932950019
781,1475842994470769882,1475842995133514881
782,1475842994670766115,1475842995334692955
783,1475842994870773077,1475842995535348892
784,1475842995070772886,1475842995736022949
785,1475842995270771026,1475842995936654090
786,1475842995470768928,1475842996137792110
787,1475842995670763969,1475842996338480949
788,1475842995870769977,1475842996539122104
789,1475842996070772886,1475842996739758968
790,1475842996270765066,1475842996940922021
791,1475842996470766067,1475842997141561985
792,1475842996670763015,1475842997342211008
793,1475842996870768070,1475842997543123960
794,1475842997070770978,1475842997744230031
795,1475842997270771026,1475842997944906949
796,1475842997470765113,1475842998145515918
797,1475842997670764923,1475842998346198081
798,1475842997870770931,1475842998547389030
799,1475842998070771932,1475842998748016119
800,1475842998270766973,1475842998948703050
801,1475842998470771074,1475842999149343967
802,1475842998670766115,1475842999350543022
803,1475842998870770931,1475842999551202058
804,1475842999070769071,1475842999751863002
805,1475842999270768880,1475842999952821969
806,1475842999470768928,1475843000153793096
807,1475842999670768022,1475843000354444026
808,1475842999870769023,1475843000555110931
809,1475843000070770025,1475843000755789041
810,1475843000270766019,1475843000956948041
811,1475843000470766067,1475843001157598972
812,1475843000670767068,1475843001358273983
813,1475843000870769023,1475843001558933019
814,1475843001070769071,1475843001760143995
815,1475843001270768880,1475843001960788965
816,1475843001470767021,1475843002161417961
817,1475843001670766115,1475843002362128019
818,1475843001870764970,1475843002563361883
819,1475843002070770978,1475843002764036893
820,1475843002270819902,1475843002964679956
821,1475843002470779895,1475843003165314912
822,1475843002670767068,1475843003366547107
823,1475843002870768070,1475843003567172050
824,1475843003070768117,1475843003767859935
825,1475843003270768880,1475843003968489885
826,1475843003470766067,1475843004169656038
827,1475843003670764923,1475843004370332002
828,1475843003870767116,1475843004571005105
829,1475843004070771932,1475843004771653890
830,1475843004270770072,1475843004973267078
831,1475843004470768928,1475843005173749923
832,1475843004670767068,1475843005374418973
833,1475843004870769023,1475843005575082063
834,1475843005070789098,1475843005776436090
835,1475843005270771980,1475843005977082014
836,1475843005470767021,1475843006177722930
837,1475843005670767068,1475843006378350019
838,1475843005870771884,1475843006579505920
839,1475843006070772886,1475843006780232906
840,1475843006270771980,1475843006980817079
841,1475843006470769882,1475843007181495904
842,1475843006670763015,1475843007382735013
843,1475843006870771884,1475843007583303928
844,1475843007070784091,1475843007783983945
845,1475843007270770072,1475843007984611034
846,1475843007470767021,1475843008185832977
847,1475843007670763969,1475843008386431932
848,1475843007870769977,1475843008587124109
849,1475843008070770025,1475843008787863016
850,1475843008270766973,1475843008989010095
851,1475843008470767021,1475843009189620018
852,1475843008670766115,1475843009390302896
853,1475843008870769977,1475843009590955972
854,1475843009070770978,1475843009792166948
855,1475843009270766973,1475843009993067979
856,1475843009470766067,1475843010193568944
857,1475843009670766115,1475843010394257068
858,1475843009870768070,1475843010595408916
859,1475843010070770978,1475843010796093940
860,1475843010270767927,1475843010996730089
861,1475843010470766067,1475843011197367906
862,1475843010670762062,1475843011398555994
863,1475843010870769023,1475843011599241971
864,1475843011070768117,1475843011799935102
865,1475843011270766019,1475843012000550031
866,1475843011470767974,1475843012201680898
867,1475843011670763015,1475843012402376890
868,1475843011870769023,1475843012603184938
869,1475843012070770025,1475843012803905010
870,1475843012270764112,1475843013004966020
871,1475843012470767021,1475843013205595016
872,1475843012670764923,1475843013406295061
873,1475843012870784997,1475843013606928110
874,1475843013070775032,1475843013808222055
875,1475843013270768880,1475843014008863925
876,1475843013470767021,1475843014209501028
877,1475843013670764923,1475843014410170078
878,1475843013870770931,1475843014611342906
879,1475843014070770978,1475843014812010049
880,1475843014270768880,1475843015012727975
881,1475843014470771074,1475843015213293075
882,1475843014670766115,1475843015414494037
883,1475843014870769977,1475843015615168094
884,1475843015070770978,1475843015815838098
885,1475843015270766973,1475843016016489028
886,1475843015470766067,1475843016217606067
887,1475843015670763015,1475843016418288946
888,1475843015870769977,1475843016618954896
889,1475843016070772886,1475843016819632053
890,1475843016270766973,1475843017020777940
891,1475843016470766067,1475843017221385002
892,1475843016670764923,1475843017422077894
893,1475843016870769977,1475843017622946977
894,1475843017070769071,1475843017823991060
895,1475843017270768880,1475843018024630069
896,1475843017470765113,1475843018225239038
897,1475843017670761108,1475843018425925016
898,1475843017870765924,1475843018627104997
899,1475843018070771932,1475843018827765941
900,1475843018270766973,1475843019028426885
901,1475843018470765113,1475843019229065895
902,1475843018670768022,1475843019430242061
903,1475843018870769977,1475843019630873918
904,1475843019070770025,1475843019831569910
905,1475843019270765066,1475843020032285928
906,1475843019470765113,1475843020233572959
907,1475843019670763969,1475843020434233903
908,1475843019870767116,1475843020634892940
909,1475843020070779085,1475843020835597038
910,1475843020270775079,1475843021036756038
911,1475843020470767021,1475843021237360000
912,1475843020670773029,1475843021438041925
913,1475843020870769977,1475843021638689994
914,1475843021070768117,1475843021839879035
915,1475843021270766019,1475843022040529966
916,1475843021470762968,1475843022241198062
917,1475843021670763015,1475843022441837072
918,1475843021870769023,1475843022643193006
919,1475843022070765972,1475843022843835115
920,1475843022270764112,1475843023044478893
921,1475843022470762968,1475843023245080947
922,1475843022670763969,1475843023446254968
923,1475843022870769977,1475843023646893978
924,1475843023070769071,1475843023847578048
925,1475843023270766019,1475843024048238992
926,1475843023470762968,1475843024249360084
927,1475843023670762062,1475843024450071096
928,1475843023870768070,1475843024650665044
929,1475843024070775985,1475843024851345062
930,1475843024270770072,1475843025052597045
931,1475843024470765113,1475843025253146886
932,1475843024670763969,1475843025453800916
933,1475843024870770931,1475843025654495954
934,1475843025070772886,1475843025855731964
935,1475843025270762920,1475843026056325912
936,1475843025470762014,1475843026256951093
937,1475843025670804977,1475843026457612991
938,1475843025870795965,1475843026658813953
939,1475843026070775985,1475843026859457969
940,1475843026270766019,1475843027060129880
941,1475843026470761060,1475843027260740995
942,1475843026670767068,1475843027461925983
943,1475843026870769023,1475843027662667036
944,1475843027070771932,1475843027863265037
945,1475843027270765066,1475843028063913106
946,1475843027470762968,1475843028265084981
947,1475843027670768022,1475843028465764045
948,1475843027870767116,1475843028666392087
949,1475843028070765972,1475843028867077112
950,1475843028270761966,1475843029068237066
951,1475843028470757007,1475843029268867969
952,1475843028670763969,1475843029469530105
953,1475843028870768070,1475843029670229911
954,1475843029070766925,1475843029871411085
955,1475843029270761013,1475843030072211027
956,1475843029470757007,1475843030273000001
957,1475843029670758008,1475843030473602056
958,1475843029870764017,1475843030674860954
959,1475843030070761919,1475843030875595092
960,1475843030270768880,1475843031076216936
961,1475843030470766067,1475843031276895999
962,1475843030670763969,1475843031477511882
963,1475843030870832920,1475843031678774118
964,1475843031070796966,1475843031879458904
965,1475843031270773887,1475843032080118894
966,1475843031470767021,1475843032280790090
967,1475843031670767068,1475843032481426000
968,1475843031870771884,1475843032683020114
969,1475843032070775985,1475843032883462905
970,1475843032270833015,1475843033084115028
971,1475843032470781087,1475843033284866094
972,1475843032670769929,1475843033485426902
973,1475843032870775938,1475843033686749935
974,1475843033070777893,1475843033887413978
975,1475843033270771026,1475843034088057041
976,1475843033470767974,1475843034288723945
977,1475843033670764923,1475843034489383935
978,1475843033870770931,1475843034690649986
979,1475843034070775032,1475843034891321897
980,1475843034270771026,1475843035091993093
981,1475843034470767021,1475843035292730093
982,1475843034670767068,1475843035493340015
983,1475843034870774984,1475843035694583892
984,1475843035070775985,1475843035895263910
985,1475843035270772933,1475843036095920085
986,1475843035470762968,1475843036296588897
987,1475843035670764923,1475843036497242927
988,1475843035870771884,1475843036698597908
989,1475843036070779085,1475843036899167060
990,1475843036270770072,1475843037099790096
991,1475843036470766067,1475843037300486087
992,1475843036670767068,1475843037501106023
993,1475843036870774030,1475843037702472925
994,1475843037070776939,1475843037903177022
995,1475843037270768880,1475843038103719949
996,1475843037470768928,1475843038304378032
997,1475843037670767068,1475843038505002975
998,1475843037870773077,1475843038705995082
999,1475843038070770978,1475843038906680107
