0,1475843350104170083,1475843350105746984
1,1475843350114247083,1475843350116009950
2,1475843350124185085,1475843350126360893
3,1475843350134179115,1475843350136742115
4,1475843350144180059,1475843350147125959
5,1475843350154176950,1475843350157499074
6,1475843350164182901,1475843350167880058
7,1475843350174185037,1475843350178248882
8,1475843350184184074,1475843350188633918
9,1475843350195419073,1475843350199064016
10,1475843350204474925,1475843350209429979
11,1475843350214190006,1475843350219791889
12,1475843350224181890,1475843350230154991
13,1475843350234188079,1475843350240526914
14,1475843350244185924,1475843350250914096
15,1475843350254179000,1475843350261373996
16,1475843350264183998,1475843350271723985
17,1475843350274183034,1475843350282125949
18,1475843350284183025,1475843350292515039
19,1475843350294183015,1475843350303060054
20,1475843350304198026,1475843350313339948
21,1475843350314186096,1475843350323707103
22,1475843350324177026,1475843350334120035
23,1475843350334321975,1475843350344659090
24,1475843350344175100,1475843350354911088
25,1475843350354185104,1475843350365315914
26,1475843350364177942,1475843350375698089
27,1475843350374178886,1475843350386097908
28,1475843350384181976,1475843350396492958
29,1475843350394179105,1475843350406892061
30,1475843350404180049,1475843350417325019
31,1475843350414180040,1475843350427706956
32,1475843350424182891,1475843350438096046
33,1475843350434181928,1475843350448493957
34,1475843350444181919,1475843350458899021
35,1475843350454180002,1475843350469283103
36,1475843350464181900,1475843350479681015
37,1475843350474183082,1475843350490158081
38,1475843350484179019,1475843350500557899
39,1475843350494174957,1475843350510962009
40,1475843350504177093,1475843350521389961
41,1475843350514182090,1475843350531758069
42,1475843350524183034,1475843350542160987
43,1475843350534183025,1475843350552558898
44,1475843350544181108,1475843350563025951
45,1475843350554181098,1475843350573364973
46,1475843350564174890,1475843350583762884
47,1475843350574174880,1475843350594172954
48,1475843350584175109,1475843350604609966
49,1475843350594371080,1475843350614981889
50,1475843350604171037,1475843350625363111
51,1475843350614396095,1475843350635803937
52,1475843350624178886,1475843350646064996
53,1475843350634181022,1475843350656496047
54,1475843350644180059,1475843350666930913
55,1475843350654179096,1475843350677196025
56,1475843350664175033,1475843350687611103
57,1475843350674179077,1475843350698055982
58,1475843350684179067,1475843350708337068
59,1475843350694176912,1475843350718734979
60,1475843350704180955,1475843350729187011
61,1475843350714178085,1475843350739451885
62,1475843350724175930,1475843350749840974
63,1475843350734181880,1475843350760301113
64,1475843350744179964,1475843350770576000
65,1475843350754177093,1475843350780956983
66,1475843350764177083,1475843350791445016
67,1475843350774180889,1475843350801687955
68,1475843350784178972,1475843350812083005
69,1475843350794174909,1475843350822529077
70,1475843350804181098,1475843350832806110
71,1475843350814182043,1475843350843218088
72,1475843350824182033,1475843350853652000
73,1475843350834172964,1475843350863933086
74,1475843350844172000,1475843350874373912
75,1475843350854172945,1475843350884778976
76,1475843350864172935,1475843350895045042
77,1475843350874170064,1475843350905457019
78,1475843350884180068,1475843350915934085
79,1475843350894177913,1475843350926214933
80,1475843350904177904,1475843350936480998
81,1475843350914179086,1475843350946901082
82,1475843350924180984,1475843350957468986
83,1475843350934179067,1475843350967658996
84,1475843350944173097,1475843350977931022
85,1475843350954179048,1475843350988347053
86,1475843350964178085,1475843350998842000
87,1475843350974178075,1475843351009119033
88,1475843350984178066,1475843351019380092
89,1475843350994172096,1475843351029653072
90,1475843351004175901,1475843351040281057
91,1475843351014178991,1475843351050554037
92,1475843351024178981,1475843351060816049
93,1475843351034178972,1475843351071160078
94,1475843351044178962,1475843351081784963
95,1475843351054177045,1475843351092051982
96,1475843351064177036,1475843351102343082
97,1475843351074177980,1475843351112737894
98,1475843351084178924,1475843351123214960
99,1475843351094185113,1475843351133496999
100,1475843351104177951,1475843351143774986
101,1475843351114177942,1475843351154175996
102,1475843351124175071,1475843351164613008
103,1475843351134172916,1475843351174945116
104,1475843351144170999,1475843351185209989
105,1475843351154373884,1475843351195621013
106,1475843351164170980,1475843351206134080
107,1475843351174434900,1475843351216429948
108,1475843351184176921,1475843351226686000
109,1475843351194176912,1475843351236955881
110,1475843351204176902,1475843351247497081
111,1475843351214179992,1475843351257786035
112,1475843351224180936,1475843351268039941
113,1475843351234179019,1475843351278317928
114,1475843351244179964,1475843351288839101
115,1475843351254173994,1475843351299110889
116,1475843351264179944,1475843351309389114
117,1475843351274178981,1475843351319643974
118,1475843351284179925,1475843351330193996
119,1475843351294181108,1475843351340451002
120,1475843351304177999,1475843351350724935
121,1475843351314177989,1475843351360995054
122,1475843351324179887,1475843351371572971
123,1475843351334181070,1475843351381836891
124,1475843351344182014,1475843351392107009
125,1475843351354176998,1475843351402380943
126,1475843351364178895,1475843351412995100
127,1475843351374176025,1475843351423254966
128,1475843351384181022,1475843351433532953
129,1475843351394177913,1475843351443800926
130,1475843351404177904,1475843351454061031
131,1475843351414172887,1475843351464643001
132,1475843351424174070,1475843351474909067
133,1475843351434173107,1475843351485163927
134,1475843351444171905,1475843351495451927
135,1475843351454267024,1475843351506032943
136,1475843351464170932,1475843351516288995
137,1475843351474428892,1475843351526552915
138,1475843351484419107,1475843351536827087
139,1475843351494172096,1475843351547101974
140,1475843351504178047,1475843351557640075
141,1475843351514183998,1475843351567902088
142,1475843351524178028,1475843351578171014
143,1475843351534172058,1475843351588443040
144,1475843351544181108,1475843351599019050
145,1475843351554177999,1475843351609302997
146,1475843351564179897,1475843351619564056
147,1475843351574173927,1475843351629839897
148,1475843351584177970,1475843351640111923
149,1475843351594180107,1475843351650640010
150,1475843351604181051,1475843351660921096
151,1475843351614176034,1475843351671221017
152,1475843351624178886,1475843351681554079
153,1475843351634176015,1475843351692114114
154,1475843351644181013,1475843351702390909
155,1475843351654174089,1475843351712661027
156,1475843351664175033,1475843351723006010
157,1475843351674171924,1475843351733211040
158,1475843351684180974,1475843351743786096
159,1475843351694175958,1475843351754121065
160,1475843351704178094,1475843351764370918
161,1475843351714179039,1475843351774636983
162,1475843351724175930,1475843351784924983
163,1475843351734174966,1475843351795450925
164,1475843351744174003,1475843351805721044
165,1475843351754339933,1475843351815985918
166,1475843351764180898,1475843351826263904
167,1475843351774173021,1475843351836535930
168,1475843351784434080,1475843351847100973
169,1475843351794425964,1475843351857395887
170,1475843351804182052,1475843351867518901
171,1475843351814173936,1475843351877927064
172,1475843351824178934,1475843351888206958
173,1475843351834180116,1475843351898771047
174,1475843351844180107,1475843351909044981
175,1475843351854171991,1475843351919306039
176,1475843351864177942,1475843351929574012
177,1475843351874178886,1475843351939856052
178,1475843351884177923,1475843351950423955
179,1475843351894170999,1475843351960699081
180,1475843351904175996,1475843351970977067
181,1475843351914177894,1475843351981276988
182,1475843351924177885,1475843351991540908
183,1475843351934173107,1475843352002239942
184,1475843351944175958,1475843352012516021
185,1475843351954180955,1475843352022793054
186,1475843351964179039,1475843352033062934
187,1475843351974172115,1475843352043329954
188,1475843351984180927,1475843352053939104
189,1475843351994179010,1475843352064286947
190,1475843352004259109,1475843352074512958
191,1475843352014175891,1475843352084763050
192,1475843352024173021,1475843352095052003
193,1475843352034171104,1475843352105309009
194,1475843352044173002,1475843352115880966
195,1475843352054240942,1475843352126148939
196,1475843352064440965,1475843352136429071
197,1475843352074176073,1475843352146689891
198,1475843352084173917,1475843352156897068
199,1475843352094173908,1475843352167591094
200,1475843352104180097,1475843352177875041
201,1475843352114178895,1475843352188128948
202,1475843352124180078,1475843352198406934
203,1475843352134171962,1475843352208687067
204,1475843352144177913,1475843352218940019
205,1475843352154179096,1475843352229513883
206,1475843352164179086,1475843352239849090
207,1475843352174174070,1475843352250149965
208,1475843352184179067,1475843352260873079
209,1475843352194178104,1475843352271394968
210,1475843352204178094,1475843352282598972
211,1475843352214174985,1475843352293092966
212,1475843352224179029,1475843352303581953
213,1475843352234179973,1475843352314090967
214,1475843352244189023,1475843352324623107
215,1475843352254183053,1475843352335058927
216,1475843352264177083,1475843352346033096
217,1475843352274182081,1475843352356734037
218,1475843352284182071,1475843352367223024
219,1475843352294174909,1475843352377711057
220,1475843352304172039,1475843352388207912
221,1475843352314285039,1475843352398673057
222,1475843352324177026,1475843352409836053
223,1475843352334425926,1475843352420342922
224,1475843352344176054,1475843352430803060
225,1475843352354177951,1475843352441370964
226,1475843352364178895,1475843352452009916
227,1475843352374171972,1475843352462479114
228,1475843352384179115,1475843352473629951
229,1475843352394177913,1475843352484122037
230,1475843352404177904,1475843352494678974
231,1475843352414172887,1475843352505120038
232,1475843352424180030,1475843352515605926
233,1475843352434178113,1475843352526099920
234,1475843352444180965,1475843352537053108
235,1475843352454174041,1475843352547815084
236,1475843352464179039,1475843352558299064
237,1475843352474172115,1475843352568799018
238,1475843352484316110,1475843352579297065
239,1475843352494165897,1475843352589771986
240,1475843352504175901,1475843352600260019
241,1475843352514180898,1475843352611488103
242,1475843352524180889,1475843352621959924
243,1475843352534173011,1475843352632443904
244,1475843352544179916,1475843352642978906
245,1475843352554177999,1475843352653435945
246,1475843352564177989,1475843352663942098
247,1475843352574176073,1475843352675160884
248,1475843352584181070,1475843352685656070
249,1475843352594178915,1475843352696127891
250,1475843352604176998,1475843352706629991
251,1475843352614175081,1475843352717149019
252,1475843352624180078,1475843352727634906
253,1475843352634177923,1475843352738110065
254,1475843352644175052,1475843352749331951
255,1475843352654172897,1475843352760082006
256,1475843352664171934,1475843352770483970
257,1475843352674168109,1475843352780967950
258,1475843352684175968,1475843352791528940
259,1475843352694170951,1475843352802040100
260,1475843352704175949,1475843352812520980
261,1475843352714179992,1475843352824052095
262,1475843352724173069,1475843352834566116
263,1475843352734173059,1475843352845042943
264,1475843352744179964,1475843352855515003
265,1475843352754328966,1475843352866035938
266,1475843352764405012,1475843352876504898
267,1475843352774390935,1475843352886998891
268,1475843352784387111,1475843352897476911
269,1475843352794397115,1475843352908041954
270,1475843352804394006,1475843352918489933
271,1475843352814388036,1475843352928946971
272,1475843352824455976,1475843352940304040
273,1475843352834861040,1475843352950824975
274,1475843352844389915,1475843352961365938
275,1475843352854374885,1475843352971858978
276,1475843352864392995,1475843352982271909
277,1475843352874392986,1475843352993010997
278,1475843352884393930,1475843353003513097
279,1475843352894387006,1475843353013968944
280,1475843352904393911,1475843353025346994
281,1475843352914387941,1475843353036014080
282,1475843352924396038,1475843353046515941
283,1475843352934391021,1475843353056979894
284,1475843352944390058,1475843353067495107
285,1475843352954397916,1475843353077964067
286,1475843352964392900,1475843353088443040
287,1475843352974391937,1475843353098957061
288,1475843352984394073,1475843353109441041
289,1475843352994386911,1475843353119910955
290,1475843353004388093,1475843353130402088
291,1475843353014384984,1475843353141871929
292,1475843353024379968,1475843353152290105
293,1475843353034868955,1475843353162780046
294,1475843353044404029,1475843353173295974
295,1475843353054393053,1475843353183780908
296,1475843353064395904,1475843353194298982
297,1475843353074397087,1475843353204838037
298,1475843353084395885,1475843353215317010
299,1475843353094388961,1475843353225800991
300,1475843353104397058,1475843353237272024
301,1475843353114401102,1475843353247747898
302,1475843353124393939,1475843353258408069
303,1475843353134385108,1475843353268765926
304,1475843353144393920,1475843353278990983
305,1475843353154392004,1475843353289747953
306,1475843353164386987,1475843353300221920
307,1475843353174391984,1475843353310734987
308,1475843353184382915,1475843353321218013
309,1475843353194675922,1475843353331743955
310,1475843353204385995,1475843353342192888
311,1475843353214385032,1475843353353977918
312,1475843353224868059,1475843353364537000
313,1475843353234853982,1475843353375030040
314,1475843353244402885,1475843353385426998
315,1475843353254385948,1475843353395922899
316,1475843353264394998,1475843353406414031
317,1475843353274394035,1475843353416920900
318,1475843353284396886,1475843353427383899
319,1475843353294388055,1475843353437882900
320,1475843353304390907,1475843353448364019
321,1475843353314393997,1475843353458904981
322,1475843353324397087,1475843353469367980
323,1475843353334383010,1475843353479865074
324,1475843353344393968,1475843353490334987
325,1475843353354382991,1475843353502201080
326,1475843353364851951,1475843353512588024
327,1475843353374377965,1475843353523112058
328,1475843353384387969,1475843353533555030
329,1475843353394392967,1475843353544047117
330,1475843353404391050,1475843353554563999
331,1475843353414385080,1475843353565037965
332,1475843353424391984,1475843353575524091
333,1475843353434395074,1475843353586007118
334,1475843353444396018,1475843353596507072
335,1475843353454385995,1475843353606973886
336,1475843353464392900,1475843353617520093
337,1475843353474397897,1475843353629278898
338,1475843353484400033,1475843353639760971
339,1475843353494384050,1475843353650233983
340,1475843353504400014,1475843353660726070
341,1475843353514395952,1475843353671235084
342,1475843353524383068,1475843353681786060
343,1475843353534388065,1475843353692212104
344,1475843353544447898,1475843353702697038
345,1475843353554861068,1475843353713217973
346,1475843353564387083,1475843353723701953
347,1475843353574376106,1475843353734193086
348,1475843353584392070,1475843353744748115
349,1475843353594393968,1475843353755342006
350,1475843353604392051,1475843353765764951
351,1475843353614389896,1475843353777338027
352,1475843353624397993,1475843353787852048
353,1475843353634397029,1475843353798315048
354,1475843353644396066,1475843353808804035
355,1475843353654382944,1475843353819314956
356,1475843353664390087,1475843353829797029
357,1475843353674392938,1475843353840291976
358,1475843353684395074,1475843353850760936
359,1475843353694385051,1475843353861339092
360,1475843353704385042,1475843353871794939
361,1475843353714379072,1475843353882234096
362,1475843353724385976,1475843353892724037
363,1475843353734575986,1475843353903248071
364,1475843353744389057,1475843353915190935
365,1475843353754384040,1475843353925611019
366,1475843353764914035,1475843353936069965
367,1475843353774861097,1475843353946582078
368,1475843353784389019,1475843353957060098
369,1475843353794393062,1475843353967530965
370,1475843353804394006,1475843353978010892
371,1475843353814388036,1475843353988493919
372,1475843353824397087,1475843353999022960
373,1475843353834397077,1475843354009601116
374,1475843353844392061,1475843354019994974
375,1475843353854386091,1475843354030517101
376,1475843353864397048,1475843354040988922
377,1475843353874394893,1475843354051592111
378,1475843353884393930,1475843354062134027
379,1475843353894391059,1475843354074270963
380,1475843353904391050,1475843354084748983
381,1475843353914380073,1475843354095297098
382,1475843353924784898,1475843354105819940
383,1475843353934844970,1475843354116210937
384,1475843353944385051,1475843354126668930
385,1475843353954396963,1475843354137152910
386,1475843353964396953,1475843354147656917
387,1475843353974386930,1475843354158219099
388,1475843353984395027,1475843354168642997
389,1475843353994395017,1475843354179126024
390,1475843354004411935,1475843354189608097
391,1475843354014386892,1475843354200114011
392,1475843354024399042,1475843354210589885
393,1475843354034401893,1475843354221090078
394,1475843354044397115,1475843354231605052
395,1475843354054387092,1475843354242110013
396,1475843354064393997,1475843354252619981
397,1475843354074657917,1475843354264624118
398,1475843354084388971,1475843354275049924
399,1475843354094381093,1475843354285542011
400,1475843354104863882,1475843354296015024
401,1475843354114912986,1475843354306536912
402,1475843354124396085,1475843354316998004
403,1475843354134390115,1475843354327477931
404,1475843354144396066,1475843354337977886
405,1475843354154395103,1475843354348476886
406,1475843354164396047,1475843354359075069
407,1475843354174387931,1475843354369446039
408,1475843354184396028,1475843354379925012
409,1475843354194390058,1475843354390444993
410,1475843354204394102,1475843354400921106
411,1475843354214385986,1475843354411463022
412,1475843354224394083,1475843354422007083
413,1475843354234394073,1475843354434192895
414,1475843354244395017,1475843354444715976
415,1475843354254384994,1475843354455204963
416,1475843354264864921,1475843354465677976
417,1475843354274390935,1475843354476135015
418,1475843354284388065,1475843354486618995
419,1475843354294382095,1475843354497136116
420,1475843354304389953,1475843354507611989
421,1475843354314397096,1475843354518091917
422,1475843354324395895,1475843354528572082
423,1475843354334383010,1475843354539058923
424,1475843354344393968,1475843354549560070
425,1475843354354392051,1475843354560067892
426,1475843354364392995,1475843354570538997
427,1475843354374385118,1475843354581016063
428,1475843354384397029,1475843354591555118
429,1475843354394399881,1475843354602116107
430,1475843354404392004,1475843354612586975
431,1475843354414387941,1475843354623198986
432,1475843354424395084,1475843354635390996
433,1475843354434577941,1475843354645863056
434,1475843354444390058,1475843354656342983
435,1475843354454380035,1475843354666846990
436,1475843354464869022,1475843354677362918
437,1475843354474853992,1475843354687848091
438,1475843354484391927,1475843354698328018
439,1475843354494381904,1475843354708672046
440,1475843354504384994,1475843354719322919
441,1475843354514439105,1475843354729804992
442,1475843354524394989,1475843354740288019
443,1475843354534388065,1475843354750798940
444,1475843354544384002,1475843354761379003
445,1475843354554398059,1475843354771846055
446,1475843354564398050,1475843354782300949
447,1475843354574384927,1475843354792778968
448,1475843354584393978,1475843354803312063
449,1475843354594394922,1475843354813775062
450,1475843354604393959,1475843354824281930
451,1475843354614386081,1475843354834784984
452,1475843354624387979,1475843354845305919
453,1475843354634387016,1475843354857475042
454,1475843354644401073,1475843354867958068
455,1475843354654382944,1475843354878442049
456,1475843354664391994,1475843354888936042
457,1475843354674391031,1475843354899431943
458,1475843354684396028,1475843354909929990
459,1475843354694385051,1475843354920407056
460,1475843354704390048,1475843354930881977
461,1475843354714391946,1475843354941447973
462,1475843354724386930,1475843354952064037
463,1475843354734385967,1475843354962517976
464,1475843354744394063,1475843354973088026
465,1475843354754393100,1475843354983506917
466,1475843354764401912,1475843354993997097
467,1475843354774388074,1475843355004570007
468,1475843354784393072,1475843355015055894
469,1475843354794388055,1475843355025496006
470,1475843354804383993,1475843355035965919
471,1475843354814383983,1475843355046448945
472,1475843354824664115,1475843355056948900
473,1475843354834393024,1475843355069329023
474,1475843354844394922,1475843355079822063
475,1475843354854861021,1475843355090290069
476,1475843354864398002,1475843355100790023
477,1475843354874396085,1475843355111344099
478,1475843354884393930,1475843355121830940
479,1475843354894387006,1475843355132271051
480,1475843354904398918,1475843355142751932
481,1475843354914397001,1475843355153264999
482,1475843354924396038,1475843355163748979
483,1475843354934390068,1475843355174263954
484,1475843354944389104,1475843355184781074
485,1475843354954396963,1475843355195282936
486,1475843354964397907,1475843355205766916
487,1475843354974390029,1475843355216193914
488,1475843354984386920,1475843355226679086
489,1475843354994399070,1475843355237171888
490,1475843355005076885,1475843355247648954
491,1475843355014414072,1475843355258169889
492,1475843355024403095,1475843355268662929
493,1475843355034394979,1475843355279134988
494,1475843355044392108,1475843355289618015
495,1475843355054382085,1475843355301987886
496,1475843355064398050,1475843355312485933
497,1475843355074398994,1475843355323008060
498,1475843355084394931,1475843355333458900
499,1475843355094384908,1475843355343955039
500,1475843355104398965,1475843355354506015
501,1475843355114398002,1475843355365098953
502,1475843355124397039,1475843355375458002
503,1475843355134387969,1475843355385935068
504,1475843355144388914,1475843355396416902
505,1475843355154386997,1475843355406903028
506,1475843355164381980,1475843355417445898
507,1475843355174645900,1475843355427917957
508,1475843355184390068,1475843355438390016
509,1475843355194396018,1475843355448880910
510,1475843355204863071,1475843355459506988
511,1475843355214855909,1475843355469641923
512,1475843355224396944,1475843355480376005
513,1475843355234395027,1475843355490591049
514,1475843355244390964,1475843355501435995
515,1475843355254384994,1475843355511964082
516,1475843355264394998,1475843355524401903
517,1475843355274399995,1475843355534892082
518,1475843355284393072,1475843355545352935
519,1475843355294382095,1475843355555840015
520,1475843355304394006,1475843355566364049
521,1475843355314393043,1475843355576824903
522,1475843355324383974,1475843355587321996
523,1475843355334383964,1475843355597804069
524,1475843355344381093,1475843355608302116
525,1475843355354846000,1475843355618782997
526,1475843355364387989,1475843355629276037
527,1475843355374382019,1475843355639758110
528,1475843355384393930,1475843355650238037
529,1475843355394392967,1475843355660748004
530,1475843355404390096,1475843355671237945
531,1475843355414387941,1475843355681806087
532,1475843355424395084,1475843355692240953
533,1475843355434393882,1475843355702734947
534,1475843355444391965,1475843355713244915
535,1475843355454385995,1475843355723723888
536,1475843355464395999,1475843355734229087
537,1475843355474386930,1475843355744723081
538,1475843355484392881,1475843355755320072
539,1475843355494388103,1475843355767952919
540,1475843355504389047,1475843355778423070
541,1475843355514394998,1475843355788892030
542,1475843355524787902,1475843355799377918
543,1475843355534378051,1475843355809900999
544,1475843355544389963,1475843355820367097
545,1475843355554388999,1475843355830856084
546,1475843355564394950,1475843355841415882
547,1475843355574385881,1475843355851954936
548,1475843355584398031,1475843355862337112
549,1475843355594393014,1475843355872823953
550,1475843355604393959,1475843355883322954
551,1475843355614387035,1475843355893807888
552,1475843355624397039,1475843355904325962
553,1475843355634394884,1475843355914884090
554,1475843355644396066,1475843355925340890
555,1475843355654383897,1475843355935832977
556,1475843355664396047,1475843355946286916
557,1475843355674392938,1475843355956758975
558,1475843355684395074,1475843355967264890
559,1475843355694386959,1475843355977722883
560,1475843355704386949,1475843355988220930
561,1475843355714381933,1475843355998581886
562,1475843355724385023,1475843356009260892
563,1475843355734610080,1475843356019711017
564,1475843355744386911,1475843356030203104
565,1475843355754384994,1475843356040697097
566,1475843355764892101,1475843356053735017
567,1475843355774389982,1475843356063908100
568,1475843355784394979,1475843356074417114
569,1475843355794394016,1475843356084974050
570,1475843355804387092,1475843356095391035
571,1475843355814390897,1475843356105890035
572,1475843355824398040,1475843356116637945
573,1475843355834393024,1475843356127132892
574,1475843355844394922,1475843356137603998
575,1475843355854384899,1475843356148102998
576,1475843355864392995,1475843356158595085
577,1475843355874388933,1475843356169100046
578,1475843355884387016,1475843356179593086
579,1475843355894383907,1475843356190062046
580,1475843355904710054,1475843356200562000
581,1475843355914383888,1475843356211050987
582,1475843355924388885,1475843356221613883
583,1475843355934866905,1475843356232114076
584,1475843355944849967,1475843356242600917
585,1475843355954392910,1475843356253123998
586,1475843355964401006,1475843356263617038
587,1475843355974390983,1475843356274127006
588,1475843355984395027,1475843356284718036
589,1475843355994395017,1475843356295180082
590,1475843356004396915,1475843356305675029
591,1475843356014394998,1475843356316095113
592,1475843356024396896,1475843356326577901
593,1475843356034394025,1475843356337073087
594,1475843356044397115,1475843356349904060
595,1475843356054385900,1475843356360431909
596,1475843356064383029,1475843356370917081
597,1475843356074800968,1475843356381481885
598,1475843356084388971,1475843356392013072
599,1475843356094382047,1475843356402498960
600,1475843356104391098,1475843356413136959
601,1475843356114394903,1475843356423511028
602,1475843356124392032,1475843356433985948
603,1475843356134387969,1475843356444518089
604,1475843356144392013,1475843356455029010
605,1475843356154393911,1475843356465478897
606,1475843356164393901,1475843356475945949
607,1475843356174391031,1475843356486439943
608,1475843356184392929,1475843356497206926
609,1475843356194394111,1475843356507529973
610,1475843356204392910,1475843356517987966
611,1475843356214389085,1475843356528464078
612,1475843356224395036,1475843356538939952
613,1475843356234394073,1475843356549185991
614,1475843356244394063,1475843356560039043
615,1475843356254384994,1475843356570425033
616,1475843356264381885,1475843356580907106
617,1475843356274524927,1475843356591485977
618,1475843356284466981,1475843356602003097
619,1475843356294387102,1475843356612493038
620,1475843356304861068,1475843356623100042
621,1475843356314865112,1475843356633492946
622,1475843356324393987,1475843356646464109
623,1475843356334387063,1475843356656930923
624,1475843356344393968,1475843356667440891
625,1475843356354393005,1475843356677915096
626,1475843356364393949,1475843356688452959
627,1475843356374383926,1475843356698923110
628,1475843356384397029,1475843356709415912
629,1475843356394392013,1475843356719872951
630,1475843356404392957,1475843356730386018
631,1475843356414387941,1475843356740854024
632,1475843356424385070,1475843356751437902
633,1475843356434384107,1475843356762068033
634,1475843356444859981,1475843356772543907
635,1475843356454375982,1475843356783107995
636,1475843356464389085,1475843356793536901
637,1475843356474390983,1475843356804039955
638,1475843356484390974,1475843356814599037
639,1475843356494384050,1475843356825048923
640,1475843356504390954,1475843356835493087
641,1475843356514395952,1475843356845978975
642,1475843356524394035,1475843356856455087
643,1475843356534380912,1475843356866950035
644,1475843356544399976,1475843356877440929
645,1475843356554394960,1475843356887684106
646,1475843356564397096,1475843356898443937
647,1475843356574382066,1475843356908909082
648,1475843356584395885,1475843356919403076
649,1475843356594396114,1475843356929881095
650,1475843356604393959,1475843356940365076
651,1475843356614382982,1475843356950891017
652,1475843356624387979,1475843356964030027
653,1475843356634383916,1475843356974591970
654,1475843356644376993,1475843356985048055
655,1475843356654381990,1475843356995654106
656,1475843356664381980,1475843357006021022
657,1475843356674395084,1475843357016474962
658,1475843356684396028,1475843357026973962
659,1475843356694389104,1475843357037472009
660,1475843356704391956,1475843357047952890
661,1475843356714391946,1475843357058432102
662,1475843356724385023,1475843357068912982
663,1475843356734388113,1475843357079420089
664,1475843356744398117,1475843357089900016
665,1475843356754389047,1475843357100392103
666,1475843356764400959,1475843357110898971
667,1475843356774384975,1475843357121442079
668,1475843356784384965,1475843357131978988
669,1475843356794384956,1475843357142473936
670,1475843356804440975,1475843357153093099
671,1475843356814852952,1475843357163497924
672,1475843356824393033,1475843357173934936
673,1475843356834388017,1475843357184427976
674,1475843356844394922,1475843357195076942
675,1475843356854387044,1475843357205406904
676,1475843356864392995,1475843357215900897
677,1475843356874393939,1475843357226382970
678,1475843356884398937,1475843357236901044
679,1475843356894388914,1475843357247356891
680,1475843356904383897,1475843357257888078
681,1475843356914395093,1475843357268363952
682,1475843356924396038,1475843357281785964
683,1475843356934391021,1475843357292203903
684,1475843356944389104,1475843357302681922
685,1475843356954386949,1475843357313195943
686,1475843356964432001,1475843357323678970
687,1475843356974862098,1475843357334157943
688,1475843356984394073,1475843357344681978
689,1475843356994395017,1475843357355247974
690,1475843357004394054,1475843357365746021
691,1475843357014496088,1475843357376137018
692,1475843357024391889,1475843357386625051
693,1475843357034394979,1475843357397099971
694,1475843357044394969,1475843357407581090
695,1475843357054382085,1475843357418090105
696,1475843357064392089,1475843357428567886
697,1475843357074395895,1475843357439064025
698,1475843357084393978,1475843357449558019
699,1475843357094387054,1475843357460072994
700,1475843357104387044,1475843357470525026
701,1475843357114396095,1475843357481034040
702,1475843357124398946,1475843357491564035
703,1475843357134387969,1475843357502147912
704,1475843357144393920,1475843357512603998
705,1475843357154385089,1475843357523102998
706,1475843357164386034,1475843357533591032
707,1475843357174386024,1475843357544080972
708,1475843357184807062,1475843357554609060
709,1475843357194387912,1475843357565053939
710,1475843357204375028,1475843357575541019
711,1475843357214380025,1475843357586033105
712,1475843357224394083,1475843357596529960
713,1475843357234396934,1475843357607012033
714,1475843357244395017,1475843357617515087
715,1475843357254386901,1475843357627999067
716,1475843357264393091,1475843357638484954
717,1475843357274395942,1475843357652110099
718,1475843357284398078,1475843357662573099
719,1475843357294388055,1475843357673158884
720,1475843357304383993,1475843357683590888
721,1475843357314385890,1475843357694060087
722,1475843357324382066,1475843357704662084
723,1475843357334554910,1475843357715126037
724,1475843357344391107,1475843357725671052
725,1475843357354384899,1475843357736054897
726,1475843357364867925,1475843357746529102
727,1475843357374860048,1475843357757091045
728,1475843357384392976,1475843357767537117
729,1475843357394397020,1475843357778002023
730,1475843357404386043,1475843357788486003
731,1475843357414386034,1475843357798974990
732,1475843357424395084,1475843357809468984
733,1475843357434396028,1475843357819953918
734,1475843357444396018,1475843357830434083
735,1475843357454385042,1475843357840934991
736,1475843357464394092,1475843357851558923
737,1475843357474395036,1475843357862082004
738,1475843357484397888,1475843357872575044
739,1475843357494386911,1475843357883172988
740,1475843357504386901,1475843357893556118
741,1475843357514508008,1475843357904052019
742,1475843357524384021,1475843357915318012
743,1475843357534387111,1475843357925134897
744,1475843357544481039,1475843357935508012
745,1475843357554847955,1475843357946018934
746,1475843357564393043,1475843357956492900
747,1475843357574376106,1475843357966998100
748,1475843357584392070,1475843357977497100
749,1475843357594393968,1475843357987974882
750,1475843357604384899,1475843357998471021
751,1475843357614384889,1475843358009010076
752,1475843357624392986,1475843358019478082
753,1475843357634394884,1475843358033117055
754,1475843357644393920,1475843358043535947
755,1475843357654382944,1475843358054012060
756,1475843357664391040,1475843358065335035
757,1475843357674391031,1475843358075046062
758,1475843357684385061,1475843358085630893
759,1475843357694458961,1475843358095988035
760,1475843357704463005,1475843358106477975
761,1475843357714387893,1475843358116971015
762,1475843357724765062,1475843358127471923
763,1475843357734865903,1475843358137931108
764,1475843357744389057,1475843358148425102
765,1475843357754386901,1475843358158912897
766,1475843357764399051,1475843358169397115
767,1475843357774385929,1475843358179908037
768,1475843357784395933,1475843358190396070
769,1475843357794394016,1475843358200896978
770,1475843357804385900,1475843358211422920
771,1475843357814388036,1475843358221976041
772,1475843357824393987,1475843358232439994
773,1475843357834393024,1475843358243046045
774,1475843357844393014,1475843358253444910
775,1475843357854387998,1475843358263937950
776,1475843357864394903,1475843358275239944
777,1475843357874392986,1475843358285243988
778,1475843357884387969,1475843358295389890
779,1475843357894388914,1475843358305882930
780,1475843357904592037,1475843358316370010
781,1475843357914393901,1475843358326862096
782,1475843357924396991,1475843358337335109
783,1475843357934386014,1475843358347822904
784,1475843357944385051,1475843358358304023
785,1475843357954493999,1475843358368793010
786,1475843357964395046,1475843358379276990
787,1475843357974390029,1475843358389781951
788,1475843357984392881,1475843358400254964
789,1475843357994391918,1475843358410617113
790,1475843358004388093,1475843358425328016
791,1475843358014512062,1475843358435251951
792,1475843358024394989,1475843358445399045
793,1475843358034387111,1475843358455915927
794,1475843358044380903,1475843358466414928
795,1475843358054383039,1475843358476886987
796,1475843358064385890,1475843358487385034
797,1475843358074388980,1475843358498012065
798,1475843358084753036,1475843358508403062
799,1475843358094384908,1475843358518891096
800,1475843358104381084,1475843358529367923
801,1475843358114382982,1475843358539849996
802,1475843358124387979,1475843358550333023
803,1475843358134383916,1475843358560956954
804,1475843358144392967,1475843358571405887
805,1475843358154382944,1475843358581904888
806,1475843358164388895,1475843358592307090
807,1475843358174381017,1475843358602781057
808,1475843358184384107,1475843358613297939
809,1475843358194390058,1475843358623783111
810,1475843358204377889,1475843358634298086
811,1475843358214380025,1475843358645317077
812,1475843358224390029,1475843358655291080
813,1475843358234394073,1475843358665765047
814,1475843358244384050,1475843358676239967
815,1475843358254383087,1475843358686947107
816,1475843358264384984,1475843358697345018
817,1475843358274384021,1475843358707823991
818,1475843358284394025,1475843358718319892
819,1475843358294384002,1475843358728801012
820,1475843358304377079,1475843358739300966
821,1475843358314388990,1475843358749783992
822,1475843358324390888,1475843358760324954
823,1475843358334379911,1475843358770761013
824,1475843358344388961,1475843358781291961
825,1475843358354379892,1475843358791794061
826,1475843358364389896,1475843358802227020
827,1475843358374383926,1475843358812715053
828,1475843358384386062,1475843358826694965
829,1475843358394390106,1475843358837176084
830,1475843358404381036,1475843358847647905
831,1475843358414381027,1475843358858134984
832,1475843358424398899,1475843358868650913
833,1475843358434393882,1475843358879126071
834,1475843358444390058,1475843358889606952
835,1475843358454379081,1475843358900105953
836,1475843358464389085,1475843358910598039
837,1475843358474390983,1475843358921063899
838,1475843358484389066,1475843358931597948
839,1475843358494385957,1475843358942095041
840,1475843358504386901,1475843358952632904
841,1475843358514440059,1475843358963134050
842,1475843358524384021,1475843358973583936
843,1475843358534383058,1475843358984097003
844,1475843358544389009,1475843358995335102
845,1475843358554378986,1475843359005255937
846,1475843358564389944,1475843359015592098
847,1475843358574384927,1475843359026067018
848,1475843358584391117,1475843359036542892
849,1475843358594388961,1475843359047019958
850,1475843358604379892,1475843359057574987
851,1475843358614387035,1475843359068022966
852,1475843358624383926,1475843359078490972
853,1475843358634649038,1475843359088977098
854,1475843358644395112,1475843359099471092
855,1475843358654390096,1475843359109982013
856,1475843358664391040,1475843359120462894
857,1475843358674391031,1475843359130927085
858,1475843358684389114,1475843359141457080
859,1475843358694381952,1475843359152098894
860,1475843358704385042,1475843359162563085
861,1475843358714391946,1475843359173185110
862,1475843358724385023,1475843359183537960
863,1475843358734384059,1475843359194035053
864,1475843358744390964,1475843359205297946
865,1475843358754390954,1475843359215235948
866,1475843358764394998,1475843359225486040
867,1475843358774385929,1475843359235982894
868,1475843358784394025,1475843359246457099
869,1475843358794390916,1475843359256992101
870,1475843358804379940,1475843359267446994
871,1475843358814384937,1475843359281608104
872,1475843358824388980,1475843359292083024
873,1475843358834391117,1475843359302563905
874,1475843358844392061,1475843359313124895
875,1475843358854379892,1475843359323561906
876,1475843358864388942,1475843359334041118
877,1475843358874388933,1475843359345299005
878,1475843358884390115,1475843359355393886
879,1475843358894370079,1475843359365536928
880,1475843358904380083,1475843359376010894
881,1475843358914392948,1475843359386509895
882,1475843358924380064,1475843359397005081
883,1475843358934379100,1475843359407500982
884,1475843358944385051,1475843359418013095
885,1475843358954437971,1475843359428472042
886,1475843358964389085,1475843359438956022
887,1475843358974385976,1475843359449448108
888,1475843358984486103,1475843359459934949
889,1475843358994378089,1475843359470418930
890,1475843359004389047,1475843359480912923
891,1475843359014388084,1475843359491465091
892,1475843359024391889,1475843359502033948
893,1475843359034394025,1475843359512599945
894,1475843359044389963,1475843359523091077
895,1475843359054382085,1475843359533503055
896,1475843359064392089,1475843359543728113
897,1475843359074389934,1475843359555341005
898,1475843359084393024,1475843359565248966
899,1475843359094383001,1475843359575469017
900,1475843359104381084,1475843359585953950
901,1475843359114388942,1475843359596447944
902,1475843359124382972,1475843359606952905
903,1475843359134382009,1475843359617422103
904,1475843359144392013,1475843359627909898
905,1475843359154383897,1475843359638403892
906,1475843359164391994,1475843359648879051
907,1475843359174386024,1475843359659372091
908,1475843359184386014,1475843359669853925
909,1475843359194385051,1475843359680409908
910,1475843359204377889,1475843359690860986
911,1475843359214385032,1475843359701416969
912,1475843359224394083,1475843359711941957
913,1475843359234390974,1475843359722425937
914,1475843359244390010,1475843359732980966
915,1475843359254385948,1475843359743436098
916,1475843359264398097,1475843359757878065
917,1475843359274390935,1475843359768337011
918,1475843359284394025,1475843359778805971
919,1475843359294382095,1475843359789299964
920,1475843359304449081,1475843359799792051
921,1475843359314388036,1475843359810280084
922,1475843359324383020,1475843359820759057
923,1475843359334419012,1475843359831247091
924,1475843359344388961,1475843359841819047
925,1475843359354505062,1475843359852240085
926,1475843359364397048,1475843359862730026
927,1475843359374383926,1475843359873231887
928,1475843359384393930,1475843359883730888
929,1475843359394392967,1475843359894207954
930,1475843359404390096,1475843359905411005
931,1475843359414386034,1475843359915304899
932,1475843359424391984,1475843359925700902
933,1475843359434391021,1475843359936162948
934,1475843359444391012,1475843359946702957
935,1475843359454380989,1475843359957166910
936,1475843359464394092,1475843359967638015
937,1475843359474391937,1475843359978118896
938,1475843359484389066,1475843359988607883
939,1475843359494378089,1475843359999114990
940,1475843359504390001,1475843360009630918
941,1475843359514395952,1475843360020117044
942,1475843359524386882,1475843360030592918
943,1475843359534384965,1475843360041076898
944,1475843359544378995,1475843360051680088
945,1475843359554384946,1475843360062125921
946,1475843359564394950,1475843360072591066
947,1475843359574387073,1475843360083098888
948,1475843359584392070,1475843360093565940
949,1475843359594389915,1475843360104079008
950,1475843359604382038,1475843360114561080
951,1475843359614379882,1475843360125020980
952,1475843359624389886,1475843360135503053
953,1475843359634396076,1475843360145988941
954,1475843359644392013,1475843360156492948
955,1475843359654378890,1475843360166985034
956,1475843359664382934,1475843360177453041
957,1475843359674391031,1475843360187956094
958,1475843359684387922,1475843360198451995
959,1475843359694381952,1475843360208925008
960,1475843359704382896,1475843360219419002
961,1475843359714391946,1475843360229904890
962,1475843359724381923,1475843360240381956
963,1475843359734384059,1475843360250871896
964,1475843359744383096,1475843360261298894
965,1475843359754394054,1475843360274827003
966,1475843359764400959,1475843360285274028
967,1475843359774382114,1475843360295744895
968,1475843359784389972,1475843360306248903
969,1475843359794392108,1475843360316751003
970,1475843359804385900,1475843360327218055
971,1475843359814383029,1475843360337717056
972,1475843359824395895,1475843360348195075
973,1475843359834391117,1475843360358678102
974,1475843359844391107,1475843360369158029
975,1475843359854437112,1475843360379647016
976,1475843359864378929,1475843360390135049
977,1475843359874382019,1475843360400620937
978,1475843359884382963,1475843360411103963
979,1475843359894607067,1475843360421700000
980,1475843359904490947,1475843360432116985
981,1475843359914401054,1475843360442610979
982,1475843359924392938,1475843360453109025
983,1475843359934381008,1475843360463587999
984,1475843359944392919,1475843360474083900
985,1475843359954397916,1475843360484563112
986,1475843359964395046,1475843360495048046
987,1475843359974380970,1475843360505579948
988,1475843359984386920,1475843360516055107
989,1475843359994379043,1475843360526526927
990,1475843360004391908,1475843360537028074
991,1475843360014388084,1475843360547508955
992,1475843360024389982,1475843360558001995
993,1475843360034390926,1475843360568497896
994,1475843360044393062,1475843360578972101
995,1475843360054382085,1475843360589456081
996,1475843360064389944,1475843360599936962
997,1475843360074389934,1475843360610423088
998,1475843360084379911,1475843360620912075
999,1475843360094383001,1475843360631519079
