0,1475843296473100900,1475843296474510908
1,1475843296493113040,1475843296494934082
2,1475843296513072013,1475843296515364885
3,1475843296533063888,1475843296535959005
4,1475843296553060054,1475843296556354999
5,1475843296573123931,1475843296576783895
6,1475843296593080997,1475843296597153902
7,1475843296613068103,1475843296617537975
8,1475843296633059978,1475843296637949943
9,1475843296653060913,1475843296658329963
10,1475843296673444032,1475843296678911924
11,1475843296693092107,1475843296699157953
12,1475843296713068008,1475843296719542026
13,1475843296733062028,1475843296739953994
14,1475843296753062009,1475843296760338068
15,1475843296773057937,1475843296780725002
16,1475843296793056964,1475843296801172018
17,1475843296813057899,1475843296821608066
18,1475843296833055019,1475843296842035055
19,1475843296853055953,1475843296862476110
20,1475843296873060941,1475843296882931947
21,1475843296893062114,1475843296903331041
22,1475843296913059949,1475843296923769950
23,1475843296933056116,1475843296944205999
24,1475843296953063964,1475843296964617967
25,1475843296973058938,1475843296985050916
26,1475843296993060111,1475843297005487918
27,1475843297013062000,1475843297025911092
28,1475843297033056974,1475843297046319007
29,1475843297053057909,1475843297066768884
30,1475843297073056936,1475843297087177991
31,1475843297093059062,1475843297107600927
32,1475843297113059043,1475843297127904891
33,1475843297133057117,1475843297148510932
34,1475843297153058052,1475843297168932914
35,1475843297173055887,1475843297189357042
36,1475843297193058013,1475843297209774017
37,1475843297213057994,1475843297230204105
38,1475843297233055114,1475843297250623941
39,1475843297253055095,1475843297271568059
40,1475843297273055076,1475843297292654991
41,1475843297293056011,1475843297313476085
42,1475843297313050985,1475843297334259033
43,1475843297333265066,1475843297355050086
44,1475843297353061914,1475843297375914096
45,1475843297373059034,1475843297396753072
46,1475843297393054962,1475843297417732000
47,1475843297413058042,1475843297438535928
48,1475843297433054924,1475843297459337949
49,1475843297453057050,1475843297480186939
50,1475843297473057031,1475843297501050949
51,1475843297493057966,1475843297521744966
52,1475843297513057947,1475843297542948007
53,1475843297533055067,1475843297563744068
54,1475843297553056955,1475843297584580898
55,1475843297573056936,1475843297605390071
56,1475843297593054056,1475843297626243114
57,1475843297613055944,1475843297647075891
58,1475843297633054018,1475843297667907953
59,1475843297653057098,1475843297688785076
60,1475843297673053026,1475843297709619045
61,1475843297693053960,1475843297730463027
62,1475843297713054895,1475843297751420021
63,1475843297733057975,1475843297772521018
64,1475843297753058910,1475843297793311119
65,1475843297773264884,1475843297814212083
66,1475843297793697118,1475843297834985971
67,1475843297813254117,1475843297855812072
68,1475843297833734989,1475843297876760959
69,1475843297853271007,1475843297897269010
70,1475843297873495101,1475843297918308973
71,1475843297893270969,1475843297938724040
72,1475843297913271903,1475843297959678888
73,1475843297933273077,1475843297980158090
74,1475843297953277111,1475843298001204967
75,1475843297973275899,1475843298021797895
76,1475843297993274927,1475843298042678117
77,1475843298013279914,1475843298063163995
78,1475843298033272981,1475843298084161043
79,1475843298053272008,1475843298104652881
80,1475843298073271989,1475843298125159978
81,1475843298093267917,1475843298146115064
82,1475843298113272905,1475843298166610956
83,1475843298133268117,1475843298187578916
84,1475843298153270006,1475843298208091020
85,1475843298173269987,1475843298228641033
86,1475843298193270921,1475843298249284982
87,1475843298213269948,1475843298270164966
88,1475843298233268976,1475843298291105031
89,1475843298253266096,1475843298311645030
90,1475843298273269891,1475843298332308053
91,1475843298293272972,1475843298353257894
92,1475843298313273906,1475843298373848915
93,1475843298333267927,1475843298394813060
94,1475843298353642940,1475843298415492057
95,1475843298373265981,1475843298435775041
96,1475843298393263101,1475843298456698894
97,1475843298413273096,1475843298477219104
98,1475843298433268070,1475843298498231887
99,1475843298453282117,1475843298518769025
100,1475843298473274946,1475843298539237976
101,1475843298493273019,1475843298560163021
102,1475843298513278007,1475843298580718994
103,1475843298533272027,1475843298601762056
104,1475843298553268909,1475843298622209072
105,1475843298573267936,1475843298642714023
106,1475843298593270063,1475843298663661956
107,1475843298613270998,1475843298684185028
108,1475843298633270025,1475843298705185890
109,1475843298653273105,1475843298725689888
110,1475843298673270940,1475843298746196985
111,1475843298693268060,1475843298766758918
112,1475843298713272094,1475843298787671089
113,1475843298733269929,1475843298808161973
114,1475843298753272056,1475843298829238891
115,1475843298773274898,1475843298849741935
116,1475843298793272018,1475843298870280981
117,1475843298813266992,1475843298890764951
118,1475843298833266973,1475843298911761045
119,1475843298853271007,1475843298932208061
120,1475843298873272895,1475843298953299045
121,1475843298893270969,1475843298973975896
122,1475843298913271903,1475843298994281053
123,1475843298933269023,1475843299014780998
124,1475843298953701019,1475843299035923957
125,1475843298973264932,1475843299056399106
126,1475843298993266105,1475843299076963901
127,1475843299013269901,1475843299097414970
128,1475843299033267974,1475843299118529081
129,1475843299053272962,1475843299139046907
130,1475843299073270082,1475843299159533023
131,1475843299093272924,1475843299180169105
132,1475843299113270998,1475843299201132059
133,1475843299133266925,1475843299221683979
134,1475843299153270959,1475843299242181062
135,1475843299173269987,1475843299262712001
136,1475843299193272113,1475843299283840894
137,1475843299213270902,1475843299304316997
138,1475843299233268976,1475843299324850082
139,1475843299253266096,1475843299345320940
140,1475843299273269891,1475843299366472005
141,1475843299293272018,1475843299386964082
142,1475843299313266038,1475843299407495975
143,1475843299333268880,1475843299428030014
144,1475843299353269100,1475843299448486089
145,1475843299373270988,1475843299469657897
146,1475843299393273115,1475843299490154027
147,1475843299413268089,1475843299510663986
148,1475843299433265924,1475843299531167984
149,1475843299453269004,1475843299552428007
150,1475843299473270893,1475843299573070049
151,1475843299493271112,1475843299593512058
152,1475843299513273000,1475843299613920927
153,1475843299533267974,1475843299634433031
154,1475843299553268909,1475843299655519962
155,1475843299573462963,1475843299676031112
156,1475843299593735933,1475843299696607112
157,1475843299613265037,1475843299717077970
158,1475843299633261919,1475843299738276958
159,1475843299653265953,1475843299758805990
160,1475843299673265933,1475843299779273986
161,1475843299693263053,1475843299799782037
162,1475843299713274002,1475843299820285081
163,1475843299733268976,1475843299841424942
164,1475843299753273010,1475843299862070083
165,1475843299773274898,1475843299882591009
166,1475843299793271064,1475843299903167009
167,1475843299813271045,1475843299924336910
168,1475843299833271026,1475843299944844961
169,1475843299853267908,1475843299965348005
170,1475843299873272895,1475843299985857009
171,1475843299893269062,1475843300006342887
172,1475843299913275957,1475843300027518987
173,1475843299933270931,1475843300048038005
174,1475843299953274965,1475843300068576097
175,1475843299973272085,1475843300089071035
176,1475843299993269920,1475843300109571933
177,1475843300013274908,1475843300130856990
178,1475843300033271074,1475843300151334047
179,1475843300053267955,1475843300171849966
180,1475843300073267936,1475843300192301034
181,1475843300093266963,1475843300212835073
182,1475843300113265991,1475843300234111070
183,1475843300133266925,1475843300254590034
184,1475843300153266906,1475843300275439023
185,1475843300173269033,1475843300295883893
186,1475843300193265914,1475843300316366910
187,1475843300213356971,1475843300337559938
188,1475843300233264923,1475843300358052968
189,1475843300253736019,1475843300378590106
190,1475843300273734092,1475843300399082899
191,1475843300293266057,1475843300419425964
192,1475843300313268899,1475843300440908908
193,1475843300333268880,1475843300461534976
194,1475843300353266954,1475843300482096910
195,1475843300373276948,1475843300502599000
196,1475843300393273115,1475843300523106098
197,1475843300413271903,1475843300544279098
198,1475843300433269977,1475843300564796924
199,1475843300453270912,1475843300585310935
200,1475843300473268985,1475843300605813026
201,1475843300493271112,1475843300626288890
202,1475843300513273000,1475843300647547960
203,1475843300533271074,1475843300668051958
204,1475843300553267002,1475843300688608884
205,1475843300573265075,1475843300709131956
206,1475843300593269109,1475843300729607105
207,1475843300613271951,1475843300750215053
208,1475843300633271932,1475843300771503925
209,1475843300653266906,1475843300792005062
210,1475843300673260927,1475843300812520027
211,1475843300693264007,1475843300833076953
212,1475843300713272094,1475843300853547096
213,1475843300733273029,1475843300874099969
214,1475843300753287076,1475843300894613027
215,1475843300773284912,1475843300915805101
216,1475843300793276071,1475843300936326026
217,1475843300813270092,1475843300956882953
218,1475843300833460092,1475843300977329015
219,1475843300853261947,1475843300997828006
220,1475843300873262882,1475843301018322944
221,1475843300893748998,1475843301039684057
222,1475843300913772106,1475843301060158967
223,1475843300933269023,1475843301080789089
224,1475843300953279972,1475843301101206064
225,1475843300973274946,1475843301121757030
226,1475843300993272066,1475843301142215967
227,1475843301013276100,1475843301162734031
228,1475843301033269882,1475843301184030055
229,1475843301053272962,1475843301204521894
230,1475843301073270082,1475843301225020885
231,1475843301093271970,1475843301245507955
232,1475843301113267898,1475843301266076087
233,1475843301133270025,1475843301286556005
234,1475843301153271913,1475843301307898998
235,1475843301173274040,1475843301328394889
236,1475843301193270921,1475843301348925113
237,1475843301213268995,1475843301369483947
238,1475843301233267068,1475843301389934062
239,1475843301253266096,1475843301410408973
240,1475843301273273944,1475843301430963039
241,1475843301293270111,1475843301451556921
242,1475843301313268899,1475843301473190069
243,1475843301333271980,1475843301494200944
244,1475843301353271007,1475843301514198064
245,1475843301373279094,1475843301534599065
246,1475843301393270015,1475843301555107116
247,1475843301413273096,1475843301575592041
248,1475843301433268070,1475843301596132040
249,1475843301453269004,1475843301616564035
250,1475843301473522901,1475843301638050079
251,1475843301493288993,1475843301658266067
252,1475843301513283967,1475843301679156064
253,1475843301533272027,1475843301699636936
254,1475843301553277015,1475843301720158100
255,1475843301573271989,1475843301740641117
256,1475843301593271970,1475843301761205911
257,1475843301613272905,1475843301781714916
258,1475843301633269071,1475843301803112983
259,1475843301653270959,1475843301823601007
260,1475843301673263072,1475843301844122886
261,1475843301693264961,1475843301864609956
262,1475843301713269948,1475843301885174036
263,1475843301733268976,1475843301905361890
264,1475843301753279924,1475843301926223039
265,1475843301773279905,1475843301946732997
266,1475843301793272018,1475843301968175888
267,1475843301813282012,1475843301988693952
268,1475843301833273887,1475843302009181976
269,1475843301853272914,1475843302029683113
270,1475843301873271942,1475843302050187110
271,1475843301893273115,1475843302070715904
272,1475843301913270950,1475843302091202020
273,1475843301933270931,1475843302111749887
274,1475843301953274965,1475843302132337093
275,1475843301973268032,1475843302154211997
276,1475843301993279933,1475843302174357891
277,1475843302013279914,1475843302194861888
278,1475843302033273935,1475843302215339899
279,1475843302053272962,1475843302235846996
280,1475843302073271989,1475843302256102085
281,1475843302093266010,1475843302276972055
282,1475843302113265991,1475843302297470092
283,1475843302133271932,1475843302318969964
284,1475843302153265953,1475843302339463949
285,1475843302173274993,1475843302359991073
286,1475843302193274021,1475843302380485057
287,1475843302213269948,1475843302400969982
288,1475843302233272075,1475843302421601057
289,1475843302253266096,1475843302442126989
290,1475843302273272991,1475843302462625026
291,1475843302293277025,1475843302483156919
292,1475843302313272953,1475843302504582881
293,1475843302333280086,1475843302525110960
294,1475843302353276014,1475843302545598983
295,1475843302373269081,1475843302566067934
296,1475843302393270015,1475843302586611032
297,1475843302413270950,1475843302607079029
298,1475843302433270931,1475843302627573013
299,1475843302453274011,1475843302648072004
300,1475843302473273038,1475843302669645071
301,1475843302493279933,1475843302690164089
302,1475843302513278007,1475843302710653066
303,1475843302533279895,1475843302731221914
304,1475843302553272008,1475843302751539945
305,1475843302573267936,1475843302772281885
306,1475843302593271970,1475843302792742013
307,1475843302613265991,1475843302814219951
308,1475843302633265018,1475843302834155082
309,1475843302653270959,1475843302854234933
310,1475843302673268079,1475843302875937938
311,1475843302693264007,1475843302896411895
312,1475843302713272094,1475843302917104959
313,1475843302733272075,1475843302937468051
314,1475843302753279924,1475843302957986116
315,1475843302773272037,1475843302978472948
316,1475843302793268918,1475843302998974084
317,1475843302813267946,1475843303019476890
318,1475843302833275079,1475843303039988040
319,1475843302853272914,1475843303060481071
320,1475843302873271942,1475843303082308053
321,1475843302893275022,1475843303102699995
322,1475843302913274049,1475843303123214006
323,1475843302933270931,1475843303143698930
324,1475843302953282117,1475843303164236068
325,1475843302973274946,1475843303184458017
326,1475843302993283033,1475843303205338001
327,1475843303013279914,1475843303225841999
328,1475843303033274888,1475843303246323108
329,1475843303053273916,1475843303266855001
330,1475843303073272943,1475843303288428068
331,1475843303093272924,1475843303308959960
332,1475843303113276004,1475843303329447031
333,1475843303133271932,1475843303349961996
334,1475843303153270959,1475843303370470046
335,1475843303173270940,1475843303390979051
336,1475843303193273067,1475843303411533117
337,1475843303213270902,1475843303432104110
338,1475843303233272075,1475843303452594995
339,1475843303253264904,1475843303473118066
340,1475843303273273944,1475843303494852066
341,1475843303293279886,1475843303515263080
342,1475843303313267946,1475843303535744905
343,1475843303333267927,1475843303556243896
344,1475843303353266000,1475843303576756000
345,1475843303373272895,1475843303597295999
346,1475843303393269062,1475843303617769956
347,1475843303413273096,1475843303638268947
348,1475843303433264970,1475843303658783912
349,1475843303453272104,1475843303679302930
350,1475843303473507881,1475843303699789047
351,1475843303493274927,1475843303721442937
352,1475843303513277053,1475843303741957902
353,1475843303533272981,1475843303762533903
354,1475843303553276062,1475843303783051967
355,1475843303573271989,1475843303803528070
356,1475843303593272924,1475843303823990106
357,1475843303613275051,1475843303844535112
358,1475843303633270025,1475843303865042924
359,1475843303653273105,1475843303885593891
360,1475843303673264980,1475843303906054973
361,1475843303693265914,1475843303927726984
362,1475843303713269948,1475843303948247909
363,1475843303733268022,1475843303968740940
364,1475843303753277063,1475843303989306926
365,1475843303773279905,1475843304009793996
366,1475843303793266057,1475843304030246973
367,1475843303813278913,1475843304050753116
368,1475843303833273887,1475843304071249961
369,1475843303853275060,1475843304091820001
370,1475843303873271942,1475843304112256050
371,1475843303893270969,1475843304132790088
372,1475843303913275003,1475843304154438018
373,1475843303933269977,1475843304174952983
374,1475843303953277111,1475843304195440053
375,1475843303973272085,1475843304215948104
376,1475843303993275880,1475843304236452102
377,1475843304013284921,1475843304256964921
378,1475843304033274888,1475843304277489900
379,1475843304053272008,1475843304297965049
380,1475843304073267936,1475843304318453073
381,1475843304093266010,1475843304338696002
382,1475843304113272905,1475843304359594106
383,1475843304133322954,1475843304381342887
384,1475843304153270006,1475843304401887893
385,1475843304173270940,1475843304422388076
386,1475843304193270921,1475843304442991018
387,1475843304213277101,1475843304463422060
388,1475843304233275890,1475843304483911037
389,1475843304253268003,1475843304504411935
390,1475843304273274898,1475843304524908065
391,1475843304293273925,1475843304545418977
392,1475843304313271045,1475843304565901994
393,1475843304333275079,1475843304586446046
394,1475843304353271007,1475843304608094930
395,1475843304373271942,1475843304628576993
396,1475843304393275022,1475843304649101972
397,1475843304413275003,1475843304669625043
398,1475843304433269977,1475843304690148115
399,1475843304453274965,1475843304710643053
400,1475843304473274946,1475843304731139898
401,1475843304493278026,1475843304751475095
402,1475843304513276100,1475843304772260904
403,1475843304533282041,1475843304792722940
404,1475843304553273916,1475843304813707113
405,1475843304573267936,1475843304835026025
406,1475843304593270063,1475843304855477094
407,1475843304613265991,1475843304876039028
408,1475843304633270025,1475843304896522045
409,1475843304653274059,1475843304917031049
410,1475843304673266887,1475843304937547922
411,1475843304693265914,1475843304958065986
412,1475843304713269948,1475843304978547096
413,1475843304733274936,1475843304999062061
414,1475843304753281116,1475843305019557952
415,1475843304773282051,1475843305040064096
416,1475843304793268918,1475843305060554027
417,1475843304813271045,1475843305082274913
418,1475843304833264112,1475843305103188037
419,1475843304853267908,1475843305123577117
420,1475843304873272895,1475843305144059896
421,1475843304893273115,1475843305164585113
422,1475843304913275003,1475843305185075044
423,1475843304933269977,1475843305205612897
424,1475843304953282117,1475843305226080894
425,1475843304973273992,1475843305246582031
426,1475843304993283033,1475843305267107963
427,1475843305013282060,1475843305287606000
428,1475843305033279895,1475843305308084964
429,1475843305053272962,1475843305328609943
430,1475843305073272943,1475843305350374937
431,1475843305093277931,1475843305370882987
432,1475843305113276958,1475843305391464948
433,1475843305133270978,1475843305411727905
434,1475843305153276920,1475843305432594060
435,1475843305173271894,1475843305453119993
436,1475843305193273067,1475843305474144935
437,1475843305213269948,1475843305494184017
438,1475843305233269929,1475843305514642000
439,1475843305253264904,1475843305535125970
440,1475843305273277997,1475843305555639982
441,1475843305293273925,1475843305576123952
442,1475843305313273906,1475843305598082065
443,1475843305333271980,1475843305618585109
444,1475843305353271007,1475843305639076948
445,1475843305373270988,1475843305659557104
446,1475843305393275022,1475843305680130004
447,1475843305413269042,1475843305700596094
448,1475843305433267116,1475843305721088886
449,1475843305453516960,1475843305741681098
450,1475843305473267078,1475843305761924028
451,1475843305493275880,1475843305782926082
452,1475843305513281106,1475843305803278923
453,1475843305533272027,1475843305823750019
454,1475843305553273916,1475843305844283103
455,1475843305573267936,1475843305864763975
456,1475843305593272924,1475843305886745929
457,1475843305613269090,1475843305907223939
458,1475843305633274078,1475843305927732944
459,1475843305653271913,1475843305948262929
460,1475843305673273086,1475843305968784093
461,1475843305693264007,1475843305989316940
462,1475843305713274002,1475843306009828090
463,1475843305733269929,1475843306030312061
464,1475843305753287076,1475843306050805091
465,1475843305773278951,1475843306071408987
466,1475843305793276071,1475843306091867923
467,1475843305813273906,1475843306112312078
468,1475843305833281040,1475843306133083105
469,1475843305853277921,1475843306154201984
470,1475843305873269081,1475843306175384998
471,1475843305893276929,1475843306195858001
472,1475843305913274049,1475843306216356039
473,1475843305933273077,1475843306236857891
474,1475843305953275918,1475843306257392883
475,1475843305973270893,1475843306277920007
476,1475843305993278980,1475843306298438072
477,1475843306013288021,1475843306318913936
478,1475843306033276081,1475843306339437007
479,1475843306053272962,1475843306359937906
480,1475843306073266029,1475843306380471944
481,1475843306093272924,1475843306400939941
482,1475843306113275051,1475843306421591043
483,1475843306133404016,1475843306442107915
484,1475843306153266906,1475843306462610960
485,1475843306173274040,1475843306484509944
486,1475843306193274974,1475843306504998922
487,1475843306213273048,1475843306525543928
488,1475843306233270883,1475843306545990943
489,1475843306253268003,1475843306566523075
490,1475843306273273944,1475843306587012052
491,1475843306293262958,1475843306607510089
492,1475843306313267946,1475843306628005981
493,1475843306333271980,1475843306648519992
494,1475843306353271007,1475843306669002056
495,1475843306373285055,1475843306689573049
496,1475843306393276929,1475843306710078001
497,1475843306413271903,1475843306730572938
498,1475843306433271884,1475843306751070976
499,1475843306453273057,1475843306773163080
500,1475843306473270893,1475843306794198036
501,1475843306493277072,1475843306814198017
502,1475843306513279914,1475843306834628105
503,1475843306533272981,1475843306855149984
504,1475843306553272962,1475843306875649929
505,1475843306573272943,1475843306896159887
506,1475843306593270063,1475843306916631937
507,1475843306613271951,1475843306937172889
508,1475843306633271932,1475843306957710981
509,1475843306653275012,1475843306978197097
510,1475843306673265933,1475843306998688936
511,1475843306693268060,1475843307019190073
512,1475843306713273048,1475843307039685010
513,1475843306733274936,1475843307060201883
514,1475843306753279924,1475843307080686092
515,1475843306773581027,1475843307103017091
516,1475843306793272972,1475843307123380899
517,1475843306813283920,1475843307143877029
518,1475843306833270072,1475843307164367914
519,1475843306853271961,1475843307184900045
520,1475843306873269081,1475843307205399036
521,1475843306893274068,1475843307225905895
522,1475843306913278102,1475843307246387958
523,1475843306933271884,1475843307266957044
524,1475843306953277111,1475843307287448883
525,1475843306973274946,1475843307307929992
526,1475843306993273973,1475843307328417062
527,1475843307013282060,1475843307348927974
528,1475843307033272981,1475843307369425058
529,1475843307053272962,1475843307390007972
530,1475843307073271989,1475843307410450935
531,1475843307093274116,1475843307432626008
532,1475843307113275051,1475843307453107118
533,1475843307133271932,1475843307474211931
534,1475843307153273105,1475843307494199037
535,1475843307173274993,1475843307514666080
536,1475843307193273067,1475843307535132884
537,1475843307213269948,1475843307555648088
538,1475843307233272075,1475843307576129913
539,1475843307253267049,1475843307596687078
540,1475843307273273944,1475843307617156982
541,1475843307293273925,1475843307637706041
542,1475843307313272953,1475843307658143997
543,1475843307333272933,1475843307678783893
544,1475843307353272914,1475843307699181079
545,1475843307373271942,1475843307719742059
546,1475843307393273115,1475843307740194082
547,1475843307413271903,1475843307762403011
548,1475843307433271884,1475843307782906055
549,1475843307453496932,1475843307803374052
550,1475843307473267078,1475843307823843002
551,1475843307493285894,1475843307844393968
552,1475843307513281106,1475843307864877939
553,1475843307533276081,1475843307885445117
554,1475843307553275108,1475843307905926942
555,1475843307573271036,1475843307926475048
556,1475843307593272924,1475843307946943998
557,1475843307613271951,1475843307967453956
558,1475843307633270025,1475843307987664937
559,1475843307653270959,1475843308008516073
560,1475843307673269033,1475843308029016971
561,1475843307693268060,1475843308049510955
562,1475843307713280916,1475843308070044040
563,1475843307733290910,1475843308090569972
564,1475843307753285884,1475843308112648010
565,1475843307773293018,1475843308133214950
566,1475843307793283939,1475843308154180049
567,1475843307813271999,1475843308174225091
568,1475843307833272933,1475843308194741964
569,1475843307853274106,1475843308215212106
570,1475843307873274087,1475843308235724925
571,1475843307893368959,1475843308256248950
572,1475843307913275003,1475843308276742935
573,1475843307933273077,1475843308297220945
574,1475843307953279972,1475843308317764997
575,1475843307973270893,1475843308337986946
576,1475843307993278980,1475843308358889102
577,1475843308013278961,1475843308379343986
578,1475843308033277034,1475843308399868011
579,1475843308053277969,1475843308420435905
580,1475843308073270082,1475843308442656040
581,1475843308093275070,1475843308463131904
582,1475843308113271951,1475843308483794927
583,1475843308133610963,1475843308503997087
584,1475843308153266906,1475843308524893045
585,1475843308173269033,1475843308545356988
586,1475843308193272113,1475843308565917015
587,1475843308213269948,1475843308586385011
588,1475843308233270883,1475843308606883049
589,1475843308253271102,1475843308627372026
590,1475843308273268938,1475843308647883892
591,1475843308293265104,1475843308668359041
592,1475843308313271999,1475843308688946962
593,1475843308333268880,1475843308709429025
594,1475843308353270053,1475843308729923963
595,1475843308373272895,1475843308750442028
596,1475843308393270015,1475843308770994901
597,1475843308413271903,1475843308791559934
598,1475843308433273077,1475843308814126968
599,1475843308453273057,1475843308834443092
600,1475843308473269939,1475843308854856967
601,1475843308493285894,1475843308875354051
602,1475843308513279914,1475843308895867109
603,1475843308533272981,1475843308916346073
604,1475843308553273916,1475843308936875104
605,1475843308573272943,1475843308957386970
606,1475843308593271970,1475843308977906942
607,1475843308613271951,1475843308998406887
608,1475843308633272886,1475843309018925905
609,1475843308653275012,1475843309039401054
610,1475843308673271894,1475843309059941053
611,1475843308693269968,1475843309080404996
612,1475843308713274002,1475843309100919961
613,1475843308733278989,1475843309121459960
614,1475843308753281116,1475843309142066955
615,1475843308773276090,1475843309162504911
616,1475843308793277978,1475843309184977054
617,1475843308813271045,1475843309205398082
618,1475843308833271980,1475843309225882053
619,1475843308853271961,1475843309246408939
620,1475843308873270034,1475843309266961097
621,1475843308893271923,1475843309287175893
622,1475843308913271903,1475843309307763099
623,1475843308933274030,1475843309328600883
624,1475843308953279018,1475843309349101066
625,1475843308973273992,1475843309369617938
626,1475843308993274927,1475843309390170097
627,1475843309013279914,1475843309410629034
628,1475843309033276081,1475843309431158065
629,1475843309053272008,1475843309451867103
630,1475843309073271036,1475843309472145080
631,1475843309093272924,1475843309492676019
632,1475843309113270044,1475843309513195991
633,1475843309133275985,1475843309534116029
634,1475843309153273105,1475843309554213047
635,1475843309173301935,1475843309576469898
636,1475843309193276882,1475843309596975088
637,1475843309213270902,1475843309617507934
638,1475843309233273029,1475843309638027906
639,1475843309253267049,1475843309658514022
640,1475843309273277044,1475843309679039001
641,1475843309293262004,1475843309699531078
642,1475843309313277006,1475843309720012903
643,1475843309333271980,1475843309740524053
644,1475843309353274106,1475843309761068105
645,1475843309373272895,1475843309781582117
646,1475843309393270969,1475843309802105903
647,1475843309413271903,1475843309822612047
648,1475843309433270931,1475843309843118906
649,1475843309453272104,1475843309863677024
650,1475843309473273992,1475843309884397983
651,1475843309493274927,1475843309904551982
652,1475843309513602018,1475843309925127029
653,1475843309533263921,1475843309945975065
654,1475843309553280115,1475843309968262910
655,1475843309573268890,1475843309988787889
656,1475843309593275070,1475843310009284973
657,1475843309613276004,1475843310029787063
658,1475843309633271932,1475843310050296068
659,1475843309653269052,1475843310070777893
660,1475843309673273086,1475843310091363906
661,1475843309693269968,1475843310111865043
662,1475843309713274955,1475843310132333040
663,1475843309733269929,1475843310152832031
664,1475843309753272056,1475843310174217939
665,1475843309773281097,1475843310194153070
666,1475843309793276071,1475843310214404106
667,1475843309813272953,1475843310234883069
668,1475843309833271026,1475843310255155086
669,1475843309853277921,1475843310275985002
670,1475843309873272895,1475843310296482086
671,1475843309893275976,1475843310316979885
672,1475843309913271903,1475843310337497949
673,1475843309933276891,1475843310359863042
674,1475843309953279972,1475843310380353927
675,1475843309973305940,1475843310400895118
676,1475843309993277072,1475843310421493053
677,1475843310013283014,1475843310442008972
678,1475843310033273935,1475843310462265014
679,1475843310053275108,1475843310483141899
680,1475843310073268890,1475843310503643989
681,1475843310093274116,1475843310524148941
682,1475843310113267898,1475843310544629096
683,1475843310133270025,1475843310565146923
684,1475843310153281927,1475843310585645914
685,1475843310173264980,1475843310606193065
686,1475843310193276882,1475843310626672983
687,1475843310213278055,1475843310647175073
688,1475843310233273029,1475843310667650938
689,1475843310253269910,1475843310688227891
690,1475843310273268938,1475843310708689928
691,1475843310293275117,1475843310729197978
692,1475843310313271999,1475843310749686002
693,1475843310333273887,1475843310772238969
694,1475843310353272914,1475843310792701959
695,1475843310373272895,1475843310813242912
696,1475843310393273115,1475843310834126949
697,1475843310413275003,1475843310854263067
698,1475843310433271884,1475843310874711036
699,1475843310453270912,1475843310895251989
700,1475843310473284959,1475843310915713071
701,1475843310493275880,1475843310936327934
702,1475843310513283014,1475843310956757068
703,1475843310533277034,1475843310977278947
704,1475843310553272008,1475843310997759103
705,1475843310573270082,1475843311018277883
706,1475843310593270063,1475843311038778066
707,1475843310613271951,1475843311059269905
708,1475843310633275985,1475843311079770088
709,1475843310653273105,1475843311100296020
710,1475843310673269033,1475843311120768070
711,1475843310693268060,1475843311141346931
712,1475843310713279008,1475843311162080049
713,1475843310733279943,1475843311182348966
714,1475843310753278017,1475843311204828977
715,1475843310773284912,1475843311225337982
716,1475843310793267965,1475843311245811939
717,1475843310813647985,1475843311266374111
718,1475843310833266973,1475843311286865949
719,1475843310853271961,1475843311307353973
720,1475843310873272895,1475843311327857017
721,1475843310893275022,1475843311348356008
722,1475843310913274049,1475843311368844032
723,1475843310933273077,1475843311389396905
724,1475843310953277111,1475843311409873008
725,1475843310973277091,1475843311430439949
726,1475843310993277072,1475843311450886011
727,1475843311013282060,1475843311471481084
728,1475843311033272981,1475843311492141008
729,1475843311053273916,1475843311512571096
730,1475843311073275089,1475843311533128976
731,1475843311093272924,1475843311554243087
732,1475843311113275051,1475843311574182033
733,1475843311133271932,1475843311594608068
734,1475843311153274059,1475843311615099906
735,1475843311173274040,1475843311635600090
736,1475843311193269968,1475843311656153917
737,1475843311213274955,1475843311678738117
738,1475843311233272075,1475843311699197053
739,1475843311253272056,1475843311719680070
740,1475843311273271083,1475843311740184068
741,1475843311293272972,1475843311760478019
742,1475843311313272953,1475843311781205892
743,1475843311333271026,1475843311801740884
744,1475843311353271961,1475843311822175979
745,1475843311373275995,1475843311842683076
746,1475843311393270015,1475843311863049030
747,1475843311413274049,1475843311883447885
748,1475843311433273077,1475843311903953075
749,1475843311453272104,1475843311924494028
750,1475843311473268032,1475843311944982051
751,1475843311493275880,1475843311965485095
752,1475843311513278007,1475843311985956907
753,1475843311533409118,1475843312006459951
754,1475843311553277015,1475843312026957988
755,1475843311573278903,1475843312047420024
756,1475843311593271970,1475843312067890882
757,1475843311613276004,1475843312088398933
758,1475843311633271932,1475843312108860969
759,1475843311653270959,1475843312131392002
760,1475843311673269033,1475843312151943922
761,1475843311693268060,1475843312172410964
762,1475843311713278055,1475843312193051099
763,1475843311733269929,1475843312214202880
764,1475843311753273010,1475843312234138965
765,1475843311773278951,1475843312254472970
766,1475843311793272018,1475843312274902105
767,1475843311813270092,1475843312295386075
768,1475843311833272933,1475843312315862894
769,1475843311853276968,1475843312336388111
770,1475843311873279094,1475843312356865882
771,1475843311893280029,1475843312377382040
772,1475843311913275003,1475843312397835016
773,1475843311933273077,1475843312418342113
774,1475843311953279018,1475843312438815116
775,1475843311973272085,1475843312459307909
776,1475843311993275880,1475843312479784965
777,1475843312013281106,1475843312500303030
778,1475843312033272027,1475843312520771026
779,1475843312053270101,1475843312541313886
780,1475843312073272943,1475843312561862945
781,1475843312093272924,1475843312582334041
782,1475843312113271951,1475843312604968070
783,1475843312133271932,1475843312625438928
784,1475843312153270959,1475843312645929098
785,1475843312173269033,1475843312666419029
786,1475843312193461894,1475843312686939001
787,1475843312213278055,1475843312707405090
788,1475843312233274936,1475843312727876901
789,1475843312253340959,1475843312748361110
790,1475843312273282051,1475843312768893003
791,1475843312293277978,1475843312789335966
792,1475843312313276052,1475843312809803009
793,1475843312333270072,1475843312830316066
794,1475843312353271961,1475843312850784063
795,1475843312373275041,1475843312871340036
796,1475843312393271923,1475843312891814947
797,1475843312413270950,1475843312912318944
798,1475843312433271884,1475843312932816982
799,1475843312453273057,1475843312954222917
800,1475843312473278045,1475843312974234104
801,1475843312493273019,1475843312994301080
802,1475843312513282060,1475843313014769077
803,1475843312533272981,1475843313035346984
804,1475843312553272962,1475843313055855035
805,1475843312573272943,1475843313076351881
806,1475843312593269109,1475843313096831083
807,1475843312613272905,1475843313119364023
808,1475843312633272886,1475843313139856100
809,1475843312653274059,1475843313160348892
810,1475843312673266887,1475843313180835962
811,1475843312693269014,1475843313201359987
812,1475843312713273048,1475843313221856117
813,1475843312733275890,1475843313242361068
814,1475843312753278970,1475843313262852907
815,1475843312773282051,1475843313283348083
816,1475843312793272018,1475843313303814888
817,1475843312813271999,1475843313324304103
818,1475843312833271980,1475843313344789028
819,1475843312853271961,1475843313365310907
820,1475843312873271942,1475843313385867118
821,1475843312893273115,1475843313406294107
822,1475843312913271903,1475843313426790952
823,1475843312933358907,1475843313447269916
824,1475843312953274965,1475843313467744112
825,1475843312973280906,1475843313488245964
826,1475843312993290901,1475843313508760929
827,1475843313013290882,1475843313529254913
828,1475843313033283948,1475843313549706935
829,1475843313053282976,1475843313570202112
830,1475843313073277950,1475843313590698957
831,1475843313093280076,1475843313613441944
832,1475843313113276958,1475843313634035110
833,1475843313133277893,1475843313654383897
834,1475843313153280019,1475843313674849987
835,1475843313173280954,1475843313695377111
836,1475843313193279981,1475843313715915918
837,1475843313213273048,1475843313736340045
838,1475843313233278036,1475843313756865978
839,1475843313253277063,1475843313777311086
840,1475843313273278951,1475843313797781944
841,1475843313293282985,1475843313818276882
842,1475843313313282966,1475843313838793039
843,1475843313333278894,1475843313859288930
844,1475843313353279113,1475843313879767894
845,1475843313373281955,1475843313900234937
846,1475843313393275022,1475843313920701980
847,1475843313413281917,1475843313941209077
848,1475843313433276891,1475843313961833000
849,1475843313453278064,1475843313982197046
850,1475843313473278045,1475843314002702951
851,1475843313493278980,1475843314023180961
852,1475843313513283014,1475843314043658018
853,1475843313533278942,1475843314064131975
854,1475843313553281068,1475843314084633111
855,1475843313573283910,1475843314105107069
856,1475843313593277931,1475843314127891063
857,1475843313613751888,1475843314148360967
858,1475843313633269071,1475843314168829917
859,1475843313653881072,1475843314189337015
860,1475843313673284053,1475843314209799051
861,1475843313693274974,1475843314230297088
862,1475843313713289022,1475843314250768899
863,1475843313733290910,1475843314271336078
864,1475843313753293037,1475843314291802883
865,1475843313773291110,1475843314312320947
866,1475843313793283939,1475843314332776069
867,1475843313813288927,1475843314353318929
868,1475843313833286046,1475843314374028921
869,1475843313853286027,1475843314394319057
870,1475843313873282909,1475843314414773941
871,1475843313893280982,1475843314435293912
872,1475843313913285017,1475843314455743074
873,1475843313933279991,1475843314476238012
874,1475843313953286886,1475843314496733903
875,1475843313973280906,1475843314517220973
876,1475843313993278980,1475843314537692070
877,1475843314013290882,1475843314558182001
878,1475843314033282995,1475843314578684091
879,1475843314053280115,1475843314599158048
880,1475843314073280096,1475843314619643926
881,1475843314093278884,1475843314640121936
882,1475843314113282918,1475843314660613059
883,1475843314133281946,1475843314683434963
884,1475843314153280019,1475843314703882932
885,1475843314173279047,1475843314724364995
886,1475843314193281888,1475843314744843959
887,1475843314213279962,1475843314765379905
888,1475843314233278036,1475843314785823106
889,1475843314253277063,1475843314806338071
890,1475843314273283004,1475843314826802015
891,1475843314293279886,1475843314847301959
892,1475843314313277006,1475843314867777109
893,1475843314333272933,1475843314888281106
894,1475843314353697061,1475843314908754110
895,1475843314373271942,1475843314929260969
896,1475843314393800020,1475843314949738025
897,1475843314413279056,1475843314970268964
898,1475843314433279037,1475843314990843057
899,1475843314453279018,1475843315011431932
900,1475843314473275899,1475843315031907081
901,1475843314493283987,1475843315052397966
902,1475843314513379096,1475843315073003053
903,1475843314533286094,1475843315093437910
904,1475843314553277969,1475843315114073991
905,1475843314573277950,1475843315134408950
906,1475843314593280076,1475843315154866933
907,1475843314613280057,1475843315175308942
908,1475843314633280038,1475843315195820093
909,1475843314653284072,1475843315218576908
910,1475843314673280954,1475843315239061117
911,1475843314693274021,1475843315259576082
912,1475843314713284969,1475843315280033111
913,1475843314733274936,1475843315300522089
914,1475843314753289937,1475843315321013927
915,1475843314773292064,1475843315341598033
916,1475843314793282985,1475843315362057924
917,1475843314813280105,1475843315382550954
918,1475843314833280086,1475843315403150081
919,1475843314853281021,1475843315423651933
920,1475843314873284101,1475843315444036960
921,1475843314893280029,1475843315464591979
922,1475843314913284063,1475843315485059022
923,1475843314933281898,1475843315505549907
924,1475843314953288078,1475843315526016950
925,1475843314973282098,1475843315546505928
926,1475843314993284940,1475843315566962957
927,1475843315013288974,1475843315587469100
928,1475843315033282995,1475843315607932090
929,1475843315053280115,1475843315628428936
930,1475843315073409080,1475843315648919105
931,1475843315093751907,1475843315669414997
932,1475843315113271951,1475843315689918041
933,1475843315133907079,1475843315710382938
934,1475843315153276920,1475843315730887889
935,1475843315173279047,1475843315751462936
936,1475843315193279027,1475843315774173974
937,1475843315213274955,1475843315794651985
938,1475843315233277082,1475843315815129041
939,1475843315253273963,1475843315835616111
940,1475843315273283004,1475843315856117963
941,1475843315293282985,1475843315876610040
942,1475843315313280105,1475843315897108078
943,1475843315333278894,1475843315917591094
944,1475843315353282928,1475843315938175916
945,1475843315373284101,1475843315958580017
946,1475843315393275022,1475843315979062080
947,1475843315413290023,1475843315999540090
948,1475843315433281898,1475843316020039081
949,1475843315453280925,1475843316040507078
950,1475843315473280906,1475843316060993909
951,1475843315493278980,1475843316081585884
952,1475843315513288021,1475843316102029085
953,1475843315533281087,1475843316122513055
954,1475843315553278923,1475843316143131971
955,1475843315573280096,1475843316163513898
956,1475843315593276023,1475843316184021949
957,1475843315613279104,1475843316204514980
958,1475843315633279085,1475843316224989891
959,1475843315653285026,1475843316245476961
960,1475843315673274993,1475843316265986919
961,1475843315693283081,1475843316286459922
962,1475843315713290929,1475843316307029008
963,1475843315733283996,1475843316329890966
964,1475843315753282070,1475843316350356101
965,1475843315773279905,1475843316370877027
966,1475843315793276071,1475843316391381978
967,1475843315813278913,1475843316412024021
968,1475843315833281993,1475843316432512998
969,1475843315853290081,1475843316453131914
970,1475843315873285055,1475843316473567962
971,1475843315893287897,1475843316493989944
972,1475843315913283109,1475843316514447927
973,1475843315933279991,1475843316534934043
974,1475843315953285932,1475843316555432081
975,1475843315973282098,1475843316575896978
976,1475843315993283033,1475843316596401929
977,1475843316013288021,1475843316616872072
978,1475843316033282995,1475843316637372970
979,1475843316053282976,1475843316657823085
980,1475843316073282003,1475843316678323030
981,1475843316093281030,1475843316698954105
982,1475843316113279104,1475843316719429969
983,1475843316133280992,1475843316739916086
984,1475843316153280973,1475843316760438919
985,1475843316173280954,1475843316780888080
986,1475843316193279981,1475843316801440000
987,1475843316213279962,1475843316821929931
988,1475843316233282089,1475843316842372894
989,1475843316253279924,1475843316862962961
990,1475843316273284912,1475843316883359909
991,1475843316293282985,1475843316904783010
992,1475843316313280105,1475843316925245046
993,1475843316333281993,1475843316945729017
994,1475843316353276014,1475843316966209888
995,1475843316373281955,1475843316986783027
996,1475843316393279075,1475843317007240056
997,1475843316413280963,1475843317027710914
998,1475843316433279037,1475843317048141956
999,1475843316453519105,1475843317068629980
