1,1475843137846010923,1475843137848277091
2,1475843137945976972,1475843137948894023
3,1475843138045916080,1475843138049653053
4,1475843138145895004,1475843138150384902
5,1475843138245887994,1475843138251168012
6,1475843138345887899,1475843138352093935
7,1475843138445888996,1475843138453007936
8,1475843138545891046,1475843138553716897
9,1475843138645888090,1475843138654500007
10,1475843138745888948,1475843138755327939
11,1475843138845896959,1475843138856074094
12,1475843138945899009,1475843138956839084
13,1475843139045892953,1475843139057630062
14,1475843139145895004,1475843139158386945
15,1475843139245886087,1475843139259371042
16,1475843139345891952,1475843139360095024
17,1475843139445888996,1475843139460928916
18,1475843139545886039,1475843139561718940
19,1475843139645894050,1475843139662653923
20,1475843139745891094,1475843139763514995
21,1475843139845899105,1475843139864269971
22,1475843139945894956,1475843139965090036
23,1475843140045892000,1475843140065901041
24,1475843140145894050,1475843140166706085
25,1475843140245889902,1475843140267571926
26,1475843140345890998,1475843140368350028
27,1475843140445887088,1475843140469176054
28,1475843140545886993,1475843140569958925
29,1475843140645889997,1475843140670770883
30,1475843140745887994,1475843140771631002
31,1475843140845895051,1475843140872556924
32,1475843140945894002,1475843140973203897
33,1475843141045890092,1475843141074012041
34,1475843141145894050,1475843141174835920
35,1475843141245887994,1475843141275667905
36,1475843141345887899,1475843141376452922
37,1475843141445880889,1475843141477277994
38,1475843141545890092,1475843141578068971
39,1475843141645894050,1475843141678869962
40,1475843141745887041,1475843141779750108
41,1475843141845894098,1475843141880510091
42,1475843141945895910,1475843141981326103
43,1475843142045892953,1475843142082221984
44,1475843142145896911,1475843142182955026
45,1475843142245886087,1475843142283729076
46,1475843142345887899,1475843142384500026
47,1475843142445888996,1475843142485290050
48,1475843142545895099,1475843142586072921
49,1475843142645895957,1475843142686857938
50,1475843142745917081,1475843142787837028
51,1475843142846024036,1475843142888561010
52,1475843142946120977,1475843142989340066
53,1475843143046114921,1475843143090101003
54,1475843143146111965,1475843143190876960
55,1475843143246109962,1475843143291712045
56,1475843143346115112,1475843143392527103
57,1475843143446111917,1475843143493248939
58,1475843143546127080,1475843143594039916
59,1475843143646116018,1475843143694820880
60,1475843143746109962,1475843143795650005
61,1475843143846127986,1475843143896425962
62,1475843143946114063,1475843143997208118
63,1475843144046118021,1475843144097984075
64,1475843144146115064,1475843144198753118
65,1475843144246107101,1475843144299561977
66,1475843144346158981,1475843144400326967
67,1475843144446113109,1475843144501127004
68,1475843144546123027,1475843144601980924
69,1475843144646116018,1475843144702776908
70,1475843144746126890,1475843144803589105
71,1475843144846111059,1475843144904351949
72,1475843144946115970,1475843145005273103
73,1475843145046113014,1475843145106043100
74,1475843145146106958,1475843145206815004
75,1475843145246104955,1475843145307400941
76,1475843145346112012,1475843145408155918
77,1475843145446110010,1475843145508959054
78,1475843145546109914,1475843145609709024
79,1475843145646106004,1475843145710506916
80,1475843145746104001,1475843145811398983
81,1475843145846115112,1475843145912179946
82,1475843145946114063,1475843146013008117
83,1475843146046112060,1475843146113667964
84,1475843146146115064,1475843146214518070
85,1475843146246108055,1475843146315288066
86,1475843146346116065,1475843146416043996
87,1475843146446113109,1475843146516805887
88,1475843146546113014,1475843146617588043
89,1475843146646112918,1475843146718360900
90,1475843146746113061,1475843146819328069
91,1475843146846112012,1475843146920075893
92,1475843146946110963,1475843147020862102
93,1475843147046106100,1475843147121628999
94,1475843147146115064,1475843147222542047
95,1475843147246109962,1475843147323337078
96,1475843147346116065,1475843147424122095
97,1475843147446119070,1475843147524915933
98,1475843147546120882,1475843147625689029
99,1475843147646111965,1475843147726500034
100,1475843147746118068,1475843147827286958
101,1475843147846112012,1475843147928033113
102,1475843147946115016,1475843148028812885
103,1475843148046113014,1475843148129573106
104,1475843148146117925,1475843148230389118
105,1475843148246107101,1475843148331161022
106,1475843148346107959,1475843148432003021
107,1475843148446106910,1475843148532777070
108,1475843148546113014,1475843148633543968
109,1475843148646111965,1475843148734368085
110,1475843148746105909,1475843148835170030
111,1475843148846115112,1475843148935959100
112,1475843148946120023,1475843149036701917
113,1475843149046106100,1475843149137516975
114,1475843149146115064,1475843149238276004
115,1475843149246108055,1475843149339068889
116,1475843149346113920,1475843149439862966
117,1475843149446108102,1475843149540620088
118,1475843149546113014,1475843149641402006
119,1475843149646111011,1475843149742268085
120,1475843149746099948,1475843149843070983
121,1475843149846097946,1475843149943994998
122,1475843149946099042,1475843150044732093
123,1475843150046094894,1475843150145492076
124,1475843150146091938,1475843150246393918
125,1475843150246166944,1475843150347206115
126,1475843150346101045,1475843150448079109
127,1475843150446090936,1475843150548613071
128,1475843150546103954,1475843150649499893
129,1475843150646100044,1475843150750108957
130,1475843150746099948,1475843150851022958
131,1475843150846105098,1475843150951525926
132,1475843150946105957,1475843151052640914
133,1475843151046099901,1475843151153191089
134,1475843151146104097,1475843151254122972
135,1475843151246095895,1475843151354664087
136,1475843151346105098,1475843151455586910
137,1475843151446099996,1475843151556162118
138,1475843151546103954,1475843151657026052
139,1475843151646100997,1475843151757723093
140,1475843151746104001,1475843151858525991
141,1475843151846101999,1475843151959070920
142,1475843151946105003,1475843152059953927
143,1475843152046101093,1475843152160499095
144,1475843152146106004,1475843152261476993
145,1475843152246159076,1475843152362076997
146,1475843152346122980,1475843152463021039
147,1475843152446105003,1475843152563467979
148,1475843152546106100,1475843152664478063
149,1475843152646099090,1475843152765208005
150,1475843152746140956,1475843152866059064
151,1475843152846121072,1475843152966607093
152,1475843152946109056,1475843153067536115
153,1475843153046103000,1475843153168054103
154,1475843153146099090,1475843153268978118
155,1475843153246104955,1475843153369504928
156,1475843153346103906,1475843153470446109
157,1475843153446095943,1475843153570969104
158,1475843153546103954,1475843153671979904
159,1475843153646099090,1475843153772541999
160,1475843153746105909,1475843153873434066
161,1475843153846103906,1475843153973954916
162,1475843153946105957,1475843154074835062
163,1475843154046101093,1475843154175404071
164,1475843154146100997,1475843154276316881
165,1475843154246100902,1475843154376857042
166,1475843154346107959,1475843154477781057
167,1475843154446105003,1475843154578362941
168,1475843154546104907,1475843154679229021
169,1475843154646097898,1475843154779838085
170,1475843154746098041,1475843154880681037
171,1475843154846102952,1475843154981230020
172,1475843154946105003,1475843155082356929
173,1475843155046099901,1475843155182760953
174,1475843155146100997,1475843155283683061
175,1475843155246102094,1475843155384201049
176,1475843155346106052,1475843155485095024
177,1475843155446099042,1475843155585629940
178,1475843155546101093,1475843155686542987
179,1475843155646101951,1475843155787117004
180,1475843155746104001,1475843155887974977
181,1475843155846105098,1475843155988516092
182,1475843155946103096,1475843156089402914
183,1475843156046103000,1475843156189929008
184,1475843156146099090,1475843156290842056
185,1475843156246095895,1475843156391371011
186,1475843156346101999,1475843156492330074
187,1475843156446099996,1475843156592803955
188,1475843156546104907,1475843156693739891
189,1475843156646100044,1475843156794409036
190,1475843156746100902,1475843156895219087
191,1475843156846110105,1475843156995753049
192,1475843156946108102,1475843157096632957
193,1475843157046097993,1475843157197221994
194,1475843157146092891,1475843157298100948
195,1475843157246090888,1475843157398612976
196,1475843157346100091,1475843157499526023
197,1475843157446090936,1475843157600047111
198,1475843157546097040,1475843157700953960
199,1475843157646091938,1475843157801583051
200,1475843157746097087,1475843157902503013
201,1475843157846097946,1475843158003125905
202,1475843157946098089,1475843158103933095
203,1475843158046096086,1475843158204463005
204,1475843158146095037,1475843158305385112
205,1475843158246090888,1475843158405905961
206,1475843158346092939,1475843158506808996
207,1475843158446094036,1475843158607326984
208,1475843158546092987,1475843158708230018
209,1475843158646091938,1475843158808798074
210,1475843158746093034,1475843158909674882
211,1475843158846093893,1475843159010200977
212,1475843158946096897,1475843159111076116
213,1475843159046093940,1475843159211608886
214,1475843159146092891,1475843159312616109
215,1475843159246094942,1475843159413157939
216,1475843159346091032,1475843159514123916
217,1475843159446093082,1475843159614603996
218,1475843159546097993,1475843159715527057
219,1475843159646090984,1475843159816090106
220,1475843159746095895,1475843159917220115
221,1475843159846091032,1475843160017832040
222,1475843159946098089,1475843160118824958
223,1475843160046092987,1475843160219387054
224,1475843160146106004,1475843160320282936
225,1475843160246094942,1475843160420840978
226,1475843160346097946,1475843160521678924
227,1475843160446088075,1475843160622370004
228,1475843160546098947,1475843160723232030
229,1475843160646094083,1475843160823844909
230,1475843160746103048,1475843160924685001
231,1475843160846096038,1475843161025207042
232,1475843160946099996,1475843161126082897
233,1475843161046089887,1475843161226629018
234,1475843161146095037,1475843161327532052
235,1475843161246089935,1475843161428118944
236,1475843161346097946,1475843161528953075
237,1475843161446096897,1475843161629496097
238,1475843161546101093,1475843161730396032
239,1475843161646092891,1475843161830946922
240,1475843161746126890,1475843161931823015
241,1475843161846093893,1475843162032426118
242,1475843161946099996,1475843162133310079
243,1475843162046094894,1475843162233859062
244,1475843162146099090,1475843162334784984
245,1475843162246131896,1475843162435308933
246,1475843162346116065,1475843162536217927
247,1475843162446099042,1475843162636715888
248,1475843162546097993,1475843162737643003
249,1475843162646090984,1475843162838267087
250,1475843162746097087,1475843162939071893
251,1475843162846108913,1475843163039607048
252,1475843162946103096,1475843163140484094
253,1475843163046098947,1475843163241029977
254,1475843163146092891,1475843163341964960
255,1475843163246090888,1475843163442502975
256,1475843163346096992,1475843163543400049
257,1475843163446086883,1475843163643935918
258,1475843163546087980,1475843163744949102
259,1475843163646091938,1475843163845485925
260,1475843163746088981,1475843163946665048
261,1475843163846096992,1475843164047089099
262,1475843163946091890,1475843164147881984
263,1475843164046097040,1475843164248337984
264,1475843164146119117,1475843164349328041
265,1475843164246097087,1475843164449867963
266,1475843164346102952,1475843164550405025
267,1475843164446094989,1475843164651377916
268,1475843164546099901,1475843164752068042
269,1475843164646094083,1475843164852577924
270,1475843164746097087,1475843164953564882
271,1475843164846101999,1475843165054225921
272,1475843164946104049,1475843165154711961
273,1475843165046097993,1475843165255791902
274,1475843165146095037,1475843165356537103
275,1475843165246093988,1475843165457114934
276,1475843165346100091,1475843165558101892
277,1475843165446093082,1475843165658679008
278,1475843165546099901,1475843165759285926
279,1475843165646091938,1475843165860229969
280,1475843165746095895,1475843165960802078
281,1475843165846098899,1475843166061348915
282,1475843165946099996,1475843166162489891
283,1475843166046096086,1475843166263025045
284,1475843166146095991,1475843166363476991
285,1475843166246099948,1475843166464519977
286,1475843166346105098,1475843166565064907
287,1475843166446096897,1475843166665640115
288,1475843166546103954,1475843166766696929
289,1475843166646097898,1475843166867222070
290,1475843166746094942,1475843166967812061
291,1475843166846097946,1475843167068752050
292,1475843166946135044,1475843167169331073
293,1475843167046109914,1475843167269666910
294,1475843167146096944,1475843167370784997
295,1475843167246093988,1475843167471407890
296,1475843167346103906,1475843167572190046
297,1475843167446096897,1475843167673217058
298,1475843167546094894,1475843167773930072
299,1475843167646095037,1475843167874506950
300,1475843167746098995,1475843167975604057
301,1475843167846096038,1475843168076252937
302,1475843167946103096,1475843168176877975
303,1475843168046096086,1475843168277981042
304,1475843168146095991,1475843168378587961
305,1475843168246093034,1475843168479238986
306,1475843168346095085,1475843168580359935
307,1475843168446090936,1475843168681015968
308,1475843168546099901,1475843168781759023
309,1475843168646094083,1475843168882788896
310,1475843168746089935,1475843168983426094
311,1475843168846096038,1475843169084067106
312,1475843168946096897,1475843169185141086
313,1475843169046094894,1475843169285777091
314,1475843169146091938,1475843169386406898
315,1475843169246094942,1475843169487483978
316,1475843169346092939,1475843169588135004
317,1475843169446099042,1475843169688767910
318,1475843169546097993,1475843169789920091
319,1475843169646099090,1475843169890434980
320,1475843169746094942,1475843169991067886
321,1475843169846095085,1475843170092200040
322,1475843169946098089,1475843170192791938
323,1475843170046103954,1475843170293560028
324,1475843170146092891,1475843170394596099
325,1475843170246289014,1475843170495223999
326,1475843170346092939,1475843170595882892
327,1475843170446095943,1475843170696948051
328,1475843170546097993,1475843170797595024
329,1475843170646092891,1475843170898215055
330,1475843170746104001,1475843170999248981
331,1475843170846103906,1475843171099900960
332,1475843170946361064,1475843171200511932
333,1475843171046103954,1475843171301569938
334,1475843171146095991,1475843171402307033
335,1475843171246120929,1475843171503035068
336,1475843171346096992,1475843171604022026
337,1475843171446099996,1475843171704643964
338,1475843171546099901,1475843171805358886
339,1475843171646091938,1475843171906332015
340,1475843171746104955,1475843172006983995
341,1475843171846107006,1475843172107578039
342,1475843171946126937,1475843172208657979
343,1475843172046113967,1475843172309290885
344,1475843172146100044,1475843172409924983
345,1475843172246093034,1475843172510998964
346,1475843172346092939,1475843172611627101
347,1475843172446094989,1475843172712400913
348,1475843172546093940,1475843172813437938
349,1475843172646095991,1475843172914057016
350,1475843172746090888,1475843173014700889
351,1475843172846101999,1475843173115756988
352,1475843172946094989,1475843173216398000
353,1475843173046098947,1475843173317042112
354,1475843173146091938,1475843173418109893
355,1475843173246097087,1475843173518743991
356,1475843173346100091,1475843173619385004
357,1475843173446098089,1475843173720422983
358,1475843173546097040,1475843173821054935
359,1475843173646092891,1475843173921696901
360,1475843173746097087,1475843174022743940
361,1475843173846097946,1475843174123347043
362,1475843173946094036,1475843174223969936
363,1475843174046102046,1475843174325047969
364,1475843174146095037,1475843174425709962
365,1475843174246098995,1475843174526324987
366,1475843174346096992,1475843174627362012
367,1475843174446099042,1475843174728014945
368,1475843174546099901,1475843174828676939
369,1475843174646106004,1475843174929688930
370,1475843174746299028,1475843175030319929
371,1475843174846098899,1475843175130934000
372,1475843174946096897,1475843175232052087
373,1475843175046099901,1475843175332714080
374,1475843175146095991,1475843175433320045
375,1475843175246100902,1475843175534384012
376,1475843175346100091,1475843175634979009
377,1475843175446099042,1475843175735620975
378,1475843175546101093,1475843175836721897
379,1475843175646095991,1475843175937319040
380,1475843175746102094,1475843176037946939
381,1475843175846100091,1475843176138983964
382,1475843175946094989,1475843176239661931
383,1475843176046103000,1475843176340296030
384,1475843176146094083,1475843176441392898
385,1475843176246118068,1475843176542059898
386,1475843176346091985,1475843176642642974
387,1475843176446099042,1475843176743738889
388,1475843176546092033,1475843176844374895
389,1475843176646091938,1475843176944993019
390,1475843176746104955,1475843177046125888
391,1475843176846093893,1475843177146900892
392,1475843176946096897,1475843177247447013
393,1475843177046583890,1475843177348602056
394,1475843177146094083,1475843177449210882
395,1475843177246120929,1475843177549833059
396,1475843177346091032,1475843177650460004
397,1475843177446101903,1475843177751657009
398,1475843177546093940,1475843177852319002
399,1475843177646106958,1475843177952838897
400,1475843177746151924,1475843178053478956
401,1475843177846126079,1475843178154655933
402,1475843177946114063,1475843178255323886
403,1475843178046107053,1475843178355917930
404,1475843178146100044,1475843178456566095
405,1475843178246107101,1475843178557765960
406,1475843178346097946,1475843178658401966
407,1475843178446109056,1475843178759054899
408,1475843178546101093,1475843178859666109
409,1475843178646106958,1475843178960890054
410,1475843178746099948,1475843179061541080
411,1475843178846100091,1475843179162331104
412,1475843178946113109,1475843179263010978
413,1475843179046104907,1475843179364216089
414,1475843179146100997,1475843179464920043
415,1475843179246104955,1475843179565507888
416,1475843179346098899,1475843179666131973
417,1475843179446105957,1475843179767381906
418,1475843179546099901,1475843179867959022
419,1475843179646104097,1475843179968626022
420,1475843179746098041,1475843180069250106
421,1475843179846107006,1475843180170377969
422,1475843179946105957,1475843180271042108
423,1475843180046103000,1475843180371665954
424,1475843180146100044,1475843180472367048
425,1475843180246105909,1475843180573518991
426,1475843180346097946,1475843180674179077
427,1475843180446108102,1475843180774842977
428,1475843180546102046,1475843180875452041
429,1475843180646105051,1475843180976651906
430,1475843180746098041,1475843181077331066
431,1475843180846115112,1475843181177906990
432,1475843180946109056,1475843181278641939
433,1475843181046111106,1475843181379717111
434,1475843181146101951,1475843181480364084
435,1475843181246113061,1475843181581018924
436,1475843181346101999,1475843181681685924
437,1475843181446110010,1475843181782809019
438,1475843181546101093,1475843181883614063
439,1475843181646097898,1475843181984143018
440,1475843181746093988,1475843182084774971
441,1475843181846096992,1475843182185892105
442,1475843181946110010,1475843182286600112
443,1475843182046111106,1475843182387152910
444,1475843182146095037,1475843182487827062
445,1475843182246100902,1475843182588933944
446,1475843182346092939,1475843182689591884
447,1475843182446099996,1475843182790278911
448,1475843182546093940,1475843182890856981
449,1475843182646097898,1475843182992052078
450,1475843182746092081,1475843183092609882
451,1475843182846101045,1475843183193252086
452,1475843182946096897,1475843183293957948
453,1475843183046101093,1475843183395068883
454,1475843183146095991,1475843183495712995
455,1475843183246098995,1475843183596333026
456,1475843183346093893,1475843183696962118
457,1475843183446100950,1475843183798166036
458,1475843183546094894,1475843183898783922
459,1475843183646100044,1475843183999382972
460,1475843183746092081,1475843184100018978
461,1475843183846100091,1475843184201133012
462,1475843183946096897,1475843184301851034
463,1475843184046101093,1475843184402443885
464,1475843184146091938,1475843184503149032
465,1475843184246098995,1475843184604203939
466,1475843184346092939,1475843184704855918
467,1475843184446094989,1475843184805546998
468,1475843184546093940,1475843184906130075
469,1475843184646090984,1475843185007258892
470,1475843184746092081,1475843185107877969
471,1475843184846092939,1475843185208507061
472,1475843184946105003,1475843185309149026
473,1475843185046097993,1475843185410346031
474,1475843185146090984,1475843185510984897
475,1475843185246093034,1475843185611578941
476,1475843185346095085,1475843185712233066
477,1475843185446094036,1475843185813317060
478,1475843185546091079,1475843185913966894
479,1475843185646090984,1475843186014666080
480,1475843185746093034,1475843186115222930
481,1475843185846101999,1475843186216372966
482,1475843185946098089,1475843186316993951
483,1475843186046103000,1475843186417639017
484,1475843186146092891,1475843186518296003
485,1475843186246097087,1475843186619404077
486,1475843186346091032,1475843186720078945
487,1475843186446099042,1475843186820689916
488,1475843186546094894,1475843186921327114
489,1475843186646099090,1475843187022591114
490,1475843186746094942,1475843187123204946
491,1475843186846100091,1475843187223840951
492,1475843186946096897,1475843187324486017
493,1475843187046103954,1475843187425637006
494,1475843187146095991,1475843187526298999
495,1475843187246102094,1475843187626883983
496,1475843187346091985,1475843187727581024
497,1475843187446099996,1475843187828699111
498,1475843187546091079,1475843187929425954
499,1475843187646099090,1475843188030167102
500,1475843187746093988,1475843188130685091
501,1475843187846098899,1475843188231856107
502,1475843187946098089,1475843188332469940
503,1475843188046097993,1475843188433151960
504,1475843188146091938,1475843188533750057
505,1475843188246098995,1475843188634886980
506,1475843188346091985,1475843188735522985
507,1475843188446100950,1475843188836184978
508,1475843188546094894,1475843188936805009
509,1475843188646096944,1475843189037947893
510,1475843188746094942,1475843189138528108
511,1475843188846103906,1475843189239157915
512,1475843188946100950,1475843189339806079
513,1475843189046103954,1475843189440959930
514,1475843189146094083,1475843189541594982
515,1475843189246099948,1475843189642194986
516,1475843189346093893,1475843189742815017
517,1475843189446099042,1475843189844003915
518,1475843189546089887,1475843189944802999
519,1475843189646096944,1475843190045350074
520,1475843189746094942,1475843190145987987
521,1475843189846096038,1475843190247158050
522,1475843189946098089,1475843190347861051
523,1475843190046094894,1475843190448438882
524,1475843190146395921,1475843190549056053
525,1475843190246114015,1475843190650300025
526,1475843190346111059,1475843190750982046
527,1475843190446108102,1475843190851619958
528,1475843190546101093,1475843190952253103
529,1475843190646107912,1475843191052764892
530,1475843190746105909,1475843191154043912
531,1475843190846149921,1475843191254741907
532,1475843190946129083,1475843191355314970
533,1475843191046113967,1475843191455977916
534,1475843191146105051,1475843191556586027
535,1475843191246109008,1475843191657839059
536,1475843191346098899,1475843191758594036
537,1475843191446104049,1475843191859116077
538,1475843191546103954,1475843191959754943
539,1475843191646104097,1475843192060368061
540,1475843191746100902,1475843192161632061
541,1475843191846108913,1475843192262303113
542,1475843191946114063,1475843192362983942
543,1475843192046113014,1475843192463540077
544,1475843192146102905,1475843192564204931
545,1475843192246155977,1475843192665452957
546,1475843192346121072,1475843192766122102
547,1475843192446114063,1475843192866714954
548,1475843192546106100,1475843192967381000
549,1475843192646109104,1475843193067987918
550,1475843192746108055,1475843193169243097
551,1475843192846112012,1475843193269875049
552,1475843192946115970,1475843193370481014
553,1475843193046113014,1475843193471189975
554,1475843193146101951,1475843193571840047
555,1475843193246105909,1475843193673165082
556,1475843193346103906,1475843193773814916
557,1475843193446110963,1475843193874428033
558,1475843193546104907,1475843193975106954
559,1475843193646105051,1475843194075695991
560,1475843193746104001,1475843194176949977
561,1475843193846108913,1475843194277611970
562,1475843193946106910,1475843194378253936
563,1475843194046111106,1475843194478916883
564,1475843194146104097,1475843194579505920
565,1475843194246109962,1475843194680778980
566,1475843194346103906,1475843194781502008
567,1475843194446116924,1475843194882375955
568,1475843194546108961,1475843194982848882
569,1475843194646107912,1475843195083350896
570,1475843194746107101,1475843195184544086
571,1475843194846103906,1475843195285182952
572,1475843194946108102,1475843195385818004
573,1475843195046106100,1475843195486447095
574,1475843195146101951,1475843195587073087
575,1475843195246104001,1475843195688312053
576,1475843195346102952,1475843195788986921
577,1475843195446106910,1475843195889590978
578,1475843195546103000,1475843195990197896
579,1475843195646107912,1475843196090852975
580,1475843195746104955,1475843196192166090
581,1475843195846110105,1475843196292716026
582,1475843195946108102,1475843196393368005
583,1475843196046108007,1475843196493992090
584,1475843196146100044,1475843196594619989
585,1475843196246105909,1475843196695902109
586,1475843196346101045,1475843196796544075
587,1475843196446105957,1475843196897171020
588,1475843196546103954,1475843196997828006
589,1475843196646106004,1475843197098417997
590,1475843196746107101,1475843197199660062
591,1475843196846110105,1475843197300311088
592,1475843196946108102,1475843197400929927
593,1475843197046106100,1475843197501609086
594,1475843197146101951,1475843197602171897
595,1475843197246104955,1475843197703399896
596,1475843197346102952,1475843197804003000
597,1475843197446105003,1475843197904645919
598,1475843197546103954,1475843198005247116
599,1475843197646107912,1475843198105878114
600,1475843197746099948,1475843198207084894
601,1475843197846103906,1475843198307720899
602,1475843197946115016,1475843198408374071
603,1475843198046103954,1475843198509006023
604,1475843198146104097,1475843198609651088
605,1475843198246103048,1475843198710854053
606,1475843198346103906,1475843198811511993
607,1475843198446099996,1475843198912226915
608,1475843198546099901,1475843199012953996
609,1475843198646096944,1475843199113504886
610,1475843198746098995,1475843199214755058
611,1475843198846103906,1475843199315366029
612,1475843198946105003,1475843199416063070
613,1475843199046102046,1475843199516674995
614,1475843199146100997,1475843199617309093
615,1475843199246104001,1475843199718523979
616,1475843199346102952,1475843199819240093
617,1475843199446105957,1475843199919850111
618,1475843199546098947,1475843200020427942
619,1475843199646101951,1475843200121081113
620,1475843199746100902,1475843200222352027
621,1475843199846122980,1475843200323016881
622,1475843199946119070,1475843200423743963
623,1475843200046111106,1475843200524297952
624,1475843200146106958,1475843200624903917
625,1475843200246109008,1475843200726160049
626,1475843200346115112,1475843200826786041
627,1475843200446108102,1475843200927408933
628,1475843200546117067,1475843201028080940
629,1475843200646104097,1475843201128655910
630,1475843200746119022,1475843201229871988
631,1475843200846111059,1475843201330509901
632,1475843200946124076,1475843201431158065
633,1475843201046107053,1475843201531833887
634,1475843201146123886,1475843201632452011
635,1475843201246105909,1475843201733671903
636,1475843201346136093,1475843201834341049
637,1475843201446104049,1475843201934942960
638,1475843201546134948,1475843202035590887
639,1475843201646100997,1475843202136244058
640,1475843201746138095,1475843202237557888
641,1475843201846107959,1475843202338104009
642,1475843201946136951,1475843202438724994
643,1475843202046109914,1475843202539329051
644,1475843202146136999,1475843202639981985
645,1475843202246123075,1475843202741179943
646,1475843202346132040,1475843202841866016
647,1475843202446109056,1475843202942461013
648,1475843202546123981,1475843203043111085
649,1475843202646104097,1475843203143732070
650,1475843202746123075,1475843203244927883
651,1475843202846108913,1475843203345563888
652,1475843202946121931,1475843203446244955
653,1475843203046098947,1475843203546973943
654,1475843203146106004,1475843203647641897
655,1475843203246099948,1475843203748964071
656,1475843203346097946,1475843203849641084
657,1475843203446650981,1475843203950249910
658,1475843203546097040,1475843204050846099
659,1475843203646095037,1475843204151479959
660,1475843203746103048,1475843204252367019
661,1475843203846117019,1475843204353702068
662,1475843203946114063,1475843204454387903
663,1475843204046112060,1475843204554976940
664,1475843204146110057,1475843204655602931
665,1475843204246112108,1475843204756278991
666,1475843204346110105,1475843204856897115
667,1475843204446109056,1475843204958221912
668,1475843204546111106,1475843205058866977
669,1475843204646106958,1475843205159488916
670,1475843204746109008,1475843205260138034
671,1475843204846113920,1475843205360765933
672,1475843204946114063,1475843205461429119
673,1475843205046111106,1475843205563020944
674,1475843205146106958,1475843205663564920
675,1475843205246109008,1475843205764240026
676,1475843205346107959,1475843205864882946
677,1475843205446109056,1475843205965549945
678,1475843205546103954,1475843206066205978
679,1475843205646106004,1475843206167473077
680,1475843205746105909,1475843206268126964
681,1475843205846107006,1475843206368840932
682,1475843205946113109,1475843206469410896
683,1475843206046108961,1475843206570034980
684,1475843206146110057,1475843206670649051
685,1475843206246108055,1475843206772073030
686,1475843206346107006,1475843206872688055
687,1475843206446111917,1475843206973299980
688,1475843206546113967,1475843207073961973
689,1475843206646106958,1475843207174525976
690,1475843206746105909,1475843207275262117
691,1475843206846111059,1475843207376646995
692,1475843206946111917,1475843207477286100
693,1475843207046142101,1475843207577928066
694,1475843207146120071,1475843207678543090
695,1475843207246109008,1475843207779215097
696,1475843207346107959,1475843207879780054
697,1475843207446125030,1475843207981157064
698,1475843207546106100,1475843208081904888
699,1475843207646121025,1475843208182450056
700,1475843207746109008,1475843208283195018
701,1475843207846123933,1475843208383707046
702,1475843207946111917,1475843208484369993
703,1475843208046128034,1475843208585670948
704,1475843208146104097,1475843208686302900
705,1475843208246134042,1475843208787062883
706,1475843208346107006,1475843208887571096
707,1475843208446134090,1475843208988379955
708,1475843208546108007,1475843209089076042
709,1475843208646135091,1475843209190299034
710,1475843208746109008,1475843209290981054
711,1475843208846153020,1475843209391545057
712,1475843208946116924,1475843209492212057
713,1475843209046139001,1475843209592823982
714,1475843209146105051,1475843209693432092
715,1475843209246114969,1475843209794744968
716,1475843209346107959,1475843209895425081
717,1475843209446119070,1475843209995985984
718,1475843209546108007,1475843210096625089
719,1475843209646111965,1475843210197243928
720,1475843209746105909,1475843210297889947
721,1475843209846107006,1475843210399183988
722,1475843209946109056,1475843210499814033
723,1475843210046122074,1475843210600434064
724,1475843210146100997,1475843210701148033
725,1475843210246102094,1475843210801799058
726,1475843210346105098,1475843210902380943
727,1475843210446099996,1475843211003665924
728,1475843210546108007,1475843211104326009
729,1475843210646101951,1475843211204935073
730,1475843210746107101,1475843211305602073
731,1475843210846105098,1475843211406244039
732,1475843210946105003,1475843211506875991
733,1475843211046103954,1475843211608165979
734,1475843211146099090,1475843211708816051
735,1475843211246098995,1475843211809483051
736,1475843211346100091,1475843211910082101
737,1475843211446099996,1475843212010709047
738,1475843211546098947,1475843212111346006
739,1475843211646096944,1475843212212729930
740,1475843211746098995,1475843212313424110
741,1475843211846105098,1475843212414012908
742,1475843211946106910,1475843212514627933
743,1475843212046123981,1475843212615259885
744,1475843212146115064,1475843212715900897
745,1475843212246104001,1475843212817233085
746,1475843212346107006,1475843212917834997
747,1475843212446101903,1475843213018446922
748,1475843212546103954,1475843213119071006
749,1475843212646096944,1475843213219727039
750,1475843212746103048,1475843213320348024
751,1475843212846101045,1475843213421696901
752,1475843212946104049,1475843213522319078
753,1475843213046101093,1475843213622971057
754,1475843213146110057,1475843213723617076
755,1475843213246104001,1475843213824225902
756,1475843213346105098,1475843213924849987
757,1475843213446099996,1475843214026206016
758,1475843213546103954,1475843214126827955
759,1475843213646097898,1475843214227469921
760,1475843213746107101,1475843214328102111
761,1475843213846101999,1475843214428750991
762,1475843213946109056,1475843214529411077
763,1475843214046102046,1475843214630669116
764,1475843214146100997,1475843214731296062
765,1475843214246099948,1475843214832060098
766,1475843214346107006,1475843214932615041
767,1475843214446100950,1475843215033291101
768,1475843214546106100,1475843215133872985
769,1475843214646105051,1475843215235168933
770,1475843214746104001,1475843215335822105
771,1475843214846105098,1475843215436505079
772,1475843214946105957,1475843215537095069
773,1475843215046106100,1475843215637732982
774,1475843215146105051,1475843215738411903
775,1475843215246100902,1475843215839725017
776,1475843215346102952,1475843215940313100
777,1475843215446096897,1475843216041019916
778,1475843215546103000,1475843216141724109
779,1475843215646099090,1475843216242353916
780,1475843215746109008,1475843216343039989
781,1475843215846103906,1475843216444319009
782,1475843215946105003,1475843216544933080
783,1475843216046106100,1475843216645561933
784,1475843216146102905,1475843216746228933
785,1475843216246098041,1475843216846959114
786,1475843216346097946,1475843216947613954
787,1475843216446098089,1475843217048960924
788,1475843216546097040,1475843217149590969
789,1475843216646097898,1475843217250250101
790,1475843216746629953,1475843217350878953
791,1475843216846095085,1475843217451538085
792,1475843216946100950,1475843217552160024
793,1475843217046104907,1475843217652698040
794,1475843217146105051,1475843217754199981
795,1475843217246104001,1475843217854785919
796,1475843217346108913,1475843217955413103
797,1475843217446106910,1475843218056090116
798,1475843217546108007,1475843218156662940
799,1475843217646101951,1475843218257301092
800,1475843217746109962,1475843218357939004
801,1475843217846108913,1475843218459378004
802,1475843217946114063,1475843218560025930
803,1475843218046107053,1475843218660650968
804,1475843218146112918,1475843218761315107
805,1475843218246107101,1475843218862090110
806,1475843218346110105,1475843218962605953
807,1475843218446105957,1475843219063214063
808,1475843218546108961,1475843219164676904
809,1475843218646101951,1475843219265283107
810,1475843218746112108,1475843219365916967
811,1475843218846138000,1475843219466630935
812,1475843218946124076,1475843219567219972
813,1475843219046108007,1475843219667843103
814,1475843219146106958,1475843219768500089
815,1475843219246107101,1475843219869893074
816,1475843219346108913,1475843219970590114
817,1475843219446100950,1475843220071186065
818,1475843219546108961,1475843220171993970
819,1475843219646104097,1475843220272588968
820,1475843219746107101,1475843220373169898
821,1475843219846108913,1475843220473824977
822,1475843219946110010,1475843220575253963
823,1475843220046108007,1475843220675889015
824,1475843220146110057,1475843220776561975
825,1475843220246107101,1475843220877141952
826,1475843220346111059,1475843220977823019
827,1475843220446105957,1475843221078428030
828,1475843220546108007,1475843221179073095
829,1475843220646101951,1475843221280776977
830,1475843220746105909,1475843221381463050
831,1475843220846107006,1475843221482347965
832,1475843220946110010,1475843221583022117
833,1475843221046104907,1475843221683568000
834,1475843221146106958,1475843221784255027
835,1475843221246104001,1475843221884825944
836,1475843221346105098,1475843221986218929
837,1475843221446108102,1475843222086818933
838,1475843221546108007,1475843222187443971
839,1475843221646100997,1475843222288062095
840,1475843221746105909,1475843222388741970
841,1475843221846112012,1475843222489367961
842,1475843221946115970,1475843222589998960
843,1475843222046104907,1475843222691421985
844,1475843222146106004,1475843222792148113
845,1475843222246103048,1475843222892781019
846,1475843222346107006,1475843222993396043
847,1475843222446101903,1475843223094119071
848,1475843222546109914,1475843223194783926
849,1475843222646100997,1475843223295308113
850,1475843222746107101,1475843223396795034
851,1475843222846103906,1475843223497401952
852,1475843222946109056,1475843223598030090
853,1475843223046103000,1475843223698685884
854,1475843223146107912,1475843223799299001
855,1475843223246102094,1475843223899926900
856,1475843223346107006,1475843224000541925
857,1475843223446103096,1475843224101964950
858,1475843223546104907,1475843224202539920
859,1475843223646099090,1475843224303178071
860,1475843223746105909,1475843224403808116
861,1475843223846102952,1475843224504448890
862,1475843223946109056,1475843224605120897
863,1475843224046103954,1475843224705708026
864,1475843224146106958,1475843224807085990
865,1475843224246102094,1475843224907737016
866,1475843224346101999,1475843225008328914
867,1475843224446103096,1475843225109004974
868,1475843224546101093,1475843225209594964
869,1475843224646104097,1475843225310219049
870,1475843224746099948,1475843225410902023
871,1475843224846106052,1475843225512305021
872,1475843224946109056,1475843225613033056
873,1475843225046103954,1475843225713571071
874,1475843225146099090,1475843225814218997
875,1475843225246098995,1475843225914856910
876,1475843225346101999,1475843226015475988
877,1475843225446101903,1475843226116085052
878,1475843225546102046,1475843226217472076
879,1475843225646100997,1475843226318108081
880,1475843225746107101,1475843226418787002
881,1475843225846103906,1475843226519392013
882,1475843225946106910,1475843226620007991
883,1475843226046103000,1475843226720659971
884,1475843226146101951,1475843226821387052
885,1475843226246102094,1475843226922775983
886,1475843226346107959,1475843227023399114
887,1475843226446101903,1475843227124025106
888,1475843226546103000,1475843227224652051
889,1475843226646100997,1475843227325329065
890,1475843226746105909,1475843227425950050
891,1475843226846101999,1475843227526557922
892,1475843226946111917,1475843227627960920
893,1475843227046107053,1475843227728615999
894,1475843227146104097,1475843227829354047
895,1475843227246103048,1475843227929883003
896,1475843227346102952,1475843228030493021
897,1475843227446103096,1475843228131128072
898,1475843227546106100,1475843228231842041
899,1475843227646100044,1475843228333178997
900,1475843227746104955,1475843228433856964
901,1475843227846116065,1475843228534455060
902,1475843227946118116,1475843228635114908
903,1475843228046108961,1475843228735842943
904,1475843228146102905,1475843228836447954
905,1475843228246102094,1475843228937117099
906,1475843228346103906,1475843229038458108
907,1475843228446100950,1475843229139081954
908,1475843228546104907,1475843229239720106
909,1475843228646097898,1475843229340353012
910,1475843228746109008,1475843229441011905
911,1475843228846103906,1475843229541709899
912,1475843228946108102,1475843229642270088
913,1475843229046102046,1475843229743680000
914,1475843229146106004,1475843229844321966
915,1475843229246105909,1475843229945158004
916,1475843229346105098,1475843230045775890
917,1475843229446101903,1475843230146380901
918,1475843229546106100,1475843230246953964
919,1475843229646094083,1475843230347672939
920,1475843229746093988,1475843230449094057
921,1475843229846100091,1475843230549748897
922,1475843229946105003,1475843230650342941
923,1475843230046195030,1475843230750991106
924,1475843230146711111,1475843230851742029
925,1475843230246097087,1475843230952318906
926,1475843230346093893,1475843231053066968
927,1475843230446101903,1475843231153568983
928,1475843230546104907,1475843231255070924
929,1475843230646101951,1475843231355796098
930,1475843230746109962,1475843231456366062
931,1475843230846107959,1475843231556968927
932,1475843230946110010,1475843231657591104
933,1475843231046107053,1475843231758249044
934,1475843231146110057,1475843231858860015
935,1475843231246103048,1475843231959496974
936,1475843231346103906,1475843232061042070
937,1475843231446101903,1475843232161721944
938,1475843231546109914,1475843232262347936
939,1475843231646100044,1475843232363006114
940,1475843231746110916,1475843232463584899
941,1475843231846106052,1475843232564241886
942,1475843231946116924,1475843232664855003
943,1475843232046111106,1475843232765513896
944,1475843232146107912,1475843232866982936
945,1475843232246181964,1475843232967613935
946,1475843232346121072,1475843233068279027
947,1475843232446118116,1475843233168879032
948,1475843232546112060,1475843233269520044
949,1475843232646117925,1475843233370137929
950,1475843232746110916,1475843233470834016
951,1475843232846120119,1475843233571405887
952,1475843232946109056,1475843233673029899
953,1475843233046122074,1475843233773693084
954,1475843233146109104,1475843233874273061
955,1475843233246140003,1475843233974915981
956,1475843233346138954,1475843234075531959
957,1475843233446135044,1475843234176213979
958,1475843233546112060,1475843234276820898
959,1475843233646137952,1475843234377449989
960,1475843233746107101,1475843234479011058
961,1475843233846139907,1475843234579590082
962,1475843233946109056,1475843234680253028
963,1475843234046137094,1475843234780893087
964,1475843234146105051,1475843234881547927
965,1475843234246124029,1475843234982245922
966,1475843234346107006,1475843235082833051
967,1475843234446126937,1475843235183465957
968,1475843234546108007,1475843235284974098
969,1475843234646121978,1475843235385505914
970,1475843234746112108,1475843235486151933
971,1475843234846124887,1475843235586769104
972,1475843234946108102,1475843235687412023
973,1475843235046123981,1475843235788105010
974,1475843235146105051,1475843235888701915
975,1475843235246107101,1475843235989289045
976,1475843235346107959,1475843236090724945
977,1475843235446106910,1475843236191345930
978,1475843235546104907,1475843236292102098
979,1475843235646105051,1475843236392707109
980,1475843235746107101,1475843236493350982
981,1475843235846107006,1475843236594012022
982,1475843235946105957,1475843236694641113
983,1475843236046109914,1475843236795264005
984,1475843236146106958,1475843236896732091
985,1475843236246104001,1475843236997327089
986,1475843236346107006,1475843237097951889
987,1475843236446109056,1475843237198615074
988,1475843236546103000,1475843237299223899
989,1475843236646105051,1475843237399914979
990,1475843236746108055,1475843237500624895
991,1475843236846107006,1475843237601183891
992,1475843236946109056,1475843237702737092
993,1475843237046108007,1475843237803416967
994,1475843237146106958,1475843237903929948
995,1475843237246107101,1475843238004559040
996,1475843237346107006,1475843238105138063
997,1475843237446106910,1475843238205760002
998,1475843237546106100,1475843238306390047
999,1475843237646106958,1475843238406982898
