0,1475843505602655887,1475843505605120897
1,1475843505603308916,1475843505608242988
2,1475843505603754997,1475843505612809896
3,1475843505604115009,1475843505615817070
4,1475843505604461908,1475843505624475955
5,1475843505604811906,1475843505637429952
6,1475843505605387926,1475843505637507915
7,1475843505605866909,1475843505637577056
8,1475843505606218099,1475843505642229080
9,1475843505606566905,1475843505642663002
10,1475843505606914043,1475843505642730951
11,1475843505607305049,1475843505642793893
12,1475843505607655048,1475843505642910957
13,1475843505608002901,1475843505642980098
14,1475843505608572006,1475843505643042087
15,1475843505608927965,1475843505643104076
16,1475843505609276056,1475843505643167018
17,1475843505609664916,1475843505643508911
18,1475843505610014915,1475843505643575906
19,1475843505610362052,1475843505643639087
20,1475843505610709905,1475843505643702030
21,1475843505611057043,1475843505644026041
22,1475843505611443042,1475843505644090890
23,1475843505611792087,1475843505644155025
24,1475843505612139940,1475843505644217014
25,1475843505612488031,1475843505644279003
26,1475843505613114118,1475843505645338058
27,1475843505613476991,1475843505649121999
28,1475843505613823890,1475843505653997898
29,1475843505614170074,1475843505656351089
30,1475843505614516973,1475843505657466888
31,1475843505614926099,1475843505657547950
32,1475843505615277051,1475843505659089088
33,1475843505615624904,1475843505662549018
34,1475843505616147041,1475843505664252042
35,1475843505616499900,1475843505664629936
36,1475843505616847038,1475843505664702892
37,1475843505617194890,1475843505664777040
38,1475843505617542028,1475843505665728092
39,1475843505617929935,1475843505665806055
40,1475843505618278980,1475843505665875911
41,1475843505618624925,1475843505665947914
42,1475843505618973016,1475843505668658971
43,1475843505619362115,1475843505671977996
44,1475843505619712114,1475843505673202037
45,1475843505620059013,1475843505673283100
46,1475843505620407104,1475843505673353910
47,1475843505620791912,1475843505673793077
48,1475843505621143102,1475843505673866987
49,1475843505621488094,1475843505674416065
50,1475843505621872901,1475843505676104068
51,1475843505622263908,1475843505676301002
52,1475843505622612953,1475843505677956104
53,1475843505623002052,1475843505679722070
54,1475843505623395919,1475843505680286884
55,1475843505623749017,1475843505680627107
56,1475843505624098062,1475843505680692911
57,1475843505624773979,1475843505680757045
58,1475843505625128030,1475843505680819988
59,1475843505625478029,1475843505680881977
60,1475843505625825881,1475843505681061029
61,1475843505626172065,1475843505681767940
62,1475843505626518964,1475843505685353994
63,1475843505626866102,1475843505686083078
64,1475843505627214908,1475843505686158895
65,1475843505627562046,1475843505686229944
66,1475843505627908945,1475843505686449050
67,1475843505628256082,1475843505686525106
68,1475843505628602027,1475843505686593055
69,1475843505628988981,1475843505687674999
70,1475843505629338979,1475843505688282012
71,1475843505629687070,1475843505688350915
72,1475843505630033969,1475843505688796043
73,1475843505630422115,1475843505688860893
74,1475843505630772113,1475843505688924074
75,1475843505631118059,1475843505688987016
76,1475843505631464958,1475843505689048051
77,1475843505631851911,1475843505689110994
78,1475843505632201910,1475843505689172029
79,1475843505632546901,1475843505689234018
80,1475843505632972955,1475843505689416885
81,1475843505633331060,1475843505689639091
82,1475843505633678913,1475843505689703941
83,1475843505634026050,1475843505690378904
84,1475843505634373903,1475843505691391944
85,1475843505634721994,1475843505692403078
86,1475843505635106086,1475843505693059921
87,1475843505635456085,1475843505693676948
88,1475843505635803937,1475843505695169925
89,1475843505636151075,1475843505699014902
90,1475843505636535882,1475843505702893018
91,1475843505636884927,1475843505707576036
92,1475843505637233018,1475843505707659006
93,1475843505637907981,1475843505707731962
94,1475843505638313055,1475843505707799911
95,1475843505638664007,1475843505707870960
96,1475843505639050960,1475843505709116935
97,1475843505639401912,1475843505709194898
98,1475843505639750957,1475843505709676027
99,1475843505640099048,1475843505709755897
100,1475843505640446901,1475843505709825038
101,1475843505640794992,1475843505709896087
102,1475843505641143083,1475843505709966897
103,1475843505641587972,1475843505710033893
104,1475843505642493009,1475843505710103988
105,1475843505644675970,1475843505710174083
106,1475843505645045042,1475843505710241079
107,1475843505645669937,1475843505710311889
108,1475843505646032094,1475843505710381031
109,1475843505646384954,1475843505710448026
110,1475843505646779060,1475843505710520029
111,1475843505647133111,1475843505710587024
112,1475843505647480010,1475843505710654973
113,1475843505647830963,1475843505710724115
114,1475843505648178100,1475843505710793018
115,1475843505648524999,1475843505711276054
116,1475843505648874044,1475843505711349964
117,1475843505649429082,1475843505711421012
118,1475843505649789094,1475843505711488962
119,1475843505650137901,1475843505711558103
120,1475843505650564908,1475843505711627960
121,1475843505650918006,1475843505712269067
122,1475843505651266098,1475843505713437080
123,1475843505651613950,1475843505713514089
124,1475843505651962041,1475843505713587999
125,1475843505653039932,1475843505713656902
126,1475843505653443098,1475843505713725090
127,1475843505654431104,1475843505713798046
128,1475843505654795885,1475843505713865995
129,1475843505655244112,1475843505713932991
130,1475843505655687093,1475843505714004039
131,1475843505656121015,1475843505714071035
132,1475843505656692028,1475843505714142084
133,1475843505657198905,1475843505714210033
134,1475843505658327102,1475843505714277982
135,1475843505658837080,1475843505714912891
136,1475843505659351110,1475843505715554952
137,1475843505659856081,1475843505719269990
138,1475843505660397052,1475843505722841024
139,1475843505660847902,1475843505726501941
140,1475843505661202907,1475843505728328943
141,1475843505661550998,1475843505728410005
142,1475843505661921977,1475843505728482007
143,1475843505662309885,1475843505728553056
144,1475843505662811040,1475843505728727102
145,1475843505663347005,1475843505728806018
146,1475843505663721084,1475843505730329990
147,1475843505664554119,1475843505732630014
148,1475843505665158033,1475843505733680963
149,1475843505665528059,1475843505733761072
150,1475843505666274070,1475843505733830928
151,1475843505666935920,1475843505733902931
152,1475843505667356014,1475843505733973979
153,1475843505667706012,1475843505734040975
154,1475843505668076992,1475843505734525918
155,1475843505668423891,1475843505734599113
156,1475843505669003009,1475843505734668970
157,1475843505669354915,1475843505734736919
158,1475843505669876098,1475843505734808921
159,1475843505670228004,1475843505735891103
160,1475843505670672893,1475843505736800909
161,1475843505671020984,1475843505739079952
162,1475843505671370029,1475843505739918947
163,1475843505671806097,1475843505741250991
164,1475843505672400951,1475843505750478029
165,1475843505672759056,1475843505761781930
166,1475843505673613071,1475843505761861085
167,1475843505674186944,1475843505761936902
168,1475843505674772024,1475843505762006044
169,1475843505675123929,1475843505762073993
170,1475843505675518035,1475843505762145042
171,1475843505675889015,1475843505762212991
172,1475843505676999092,1475843505767560005
173,1475843505677357912,1475843505770932912
174,1475843505677793025,1475843505772615909
175,1475843505678361892,1475843505775230884
176,1475843505678731918,1475843505784271001
177,1475843505679119110,1475843505785764932
178,1475843505679486989,1475843505785836935
179,1475843505680006027,1475843505785907983
180,1475843505681498050,1475843505785976886
181,1475843505682178974,1475843505786046028
182,1475843505682545900,1475843505786117076
183,1475843505682938098,1475843505786184072
184,1475843505683284997,1475843505786252021
185,1475843505683662891,1475843505786324024
186,1475843505684067964,1475843505786391973
187,1475843505684421062,1475843505786458969
188,1475843505684771060,1475843505786529064
189,1475843505685117006,1475843505787019968
190,1475843505685717105,1475843505787096023
191,1475843505686861991,1475843505788011074
192,1475843505687412023,1475843505788084030
193,1475843505688023090,1475843505788965940
194,1475843505690103054,1475843505789036989
195,1475843505690726041,1475843505789108991
196,1475843505691128015,1475843505789177894
197,1475843505691737890,1475843505789248943
198,1475843505692141056,1475843505789319992
199,1475843505692749023,1475843505789845943
200,1475843505693413019,1475843505790340900
201,1475843505694030046,1475843505790416955
202,1475843505694432020,1475843505800457000
203,1475843505694829940,1475843505800545930
204,1475843505695441007,1475843505800724983
205,1475843505695925951,1475843505802577018
206,1475843505696288108,1475843505803798913
207,1475843505696638107,1475843505804182052
208,1475843505696983098,1475843505804884910
209,1475843505697330951,1475843505805437088
210,1475843505697833061,1475843505805937051
211,1475843505698183059,1475843505806432962
212,1475843505698527097,1475843505806508064
213,1475843505698873043,1475843505806577920
214,1475843505699278116,1475843505806646108
215,1475843505699626922,1475843505806714057
216,1475843505699974060,1475843505806783914
217,1475843505700359106,1475843505806850910
218,1475843505700706005,1475843505806922912
219,1475843505701055049,1475843505806989908
220,1475843505701437950,1475843505807058095
221,1475843505701824903,1475843505807126998
222,1475843505702207088,1475843505807193994
223,1475843505702630043,1475843505807261943
224,1475843505703260898,1475843505807332038
225,1475843505703936100,1475843505807399988
226,1475843505704407930,1475843505807574033
227,1475843505704909086,1475843505808904886
228,1475843505705391883,1475843505810167074
229,1475843505705892086,1475843505810344934
230,1475843505706247091,1475843505811192035
231,1475843505708138942,1475843505811266899
232,1475843505708507061,1475843505811338901
233,1475843505708914995,1475843505811511993
234,1475843505709506034,1475843505812377929
235,1475843505711066961,1475843505812457084
236,1475843505711970090,1475843505812529087
237,1475843505712631940,1475843505812597036
238,1475843505714636087,1475843505812776088
239,1475843505715306043,1475843505814054965
240,1475843505715847969,1475843505814131975
241,1475843505716204881,1475843505814201116
242,1475843505716552972,1475843505814271926
243,1475843505716900110,1475843505814338922
244,1475843505717456102,1475843505815283060
245,1475843505717889070,1475843505816592931
246,1475843505718240022,1475843505816675901
247,1475843505718586921,1475843505816747903
248,1475843505719147920,1475843505817251920
249,1475843505719697952,1475843505817327022
250,1475843505720119953,1475843505817397117
251,1475843505720504999,1475843505817466974
252,1475843505720860958,1475843505817537069
253,1475843505721210002,1475843505817605018
254,1475843505721558094,1475843505817676067
255,1475843505721906900,1475843505817744970
256,1475843505722254037,1475843505818161010
257,1475843505722601890,1475843505818233013
258,1475843505723402023,1475843505818301916
259,1475843505723757028,1475843505818368911
260,1475843505724104881,1475843505818442106
261,1475843505724492073,1475843505818509101
262,1475843505724842071,1475843505818576097
263,1475843505725281000,1475843505818646907
264,1475843505725729942,1475843505818713903
265,1475843505726255893,1475843505819226026
266,1475843505726933956,1475843505819300889
267,1475843505727353096,1475843505819472074
268,1475843505729079961,1475843505820313930
269,1475843505729443073,1475843505820390939
270,1475843505729829072,1475843505820465087
271,1475843505730178117,1475843505820534944
272,1475843505730591058,1475843505820605039
273,1475843505730941057,1475843505820677042
274,1475843505731364011,1475843505820744037
275,1475843505731755018,1475843505820815086
276,1475843505732105016,1475843505820885896
277,1475843505732481956,1475843505820952892
278,1475843505733007907,1475843505821023941
279,1475843505733514070,1475843505821093082
280,1475843505734314918,1475843505821163892
281,1475843505735111951,1475843505821234941
282,1475843505735558032,1475843505822423934
283,1475843505736207962,1475843505823472976
284,1475843505736634016,1475843505823551893
285,1475843505737314939,1475843505824038982
286,1475843505739480018,1475843505824116945
287,1475843505739841938,1475843505824187040
288,1475843505740319013,1475843505824671983
289,1475843505740776062,1475843505825562000
290,1475843505741163015,1475843505825634002
291,1475843505741630077,1475843505826518058
292,1475843505741988897,1475843505826589107
293,1475843505742377996,1475843505827471971
294,1475843505742727994,1475843505827543973
295,1475843505743112087,1475843505827614068
296,1475843505743462085,1475843505827685117
297,1475843505743860006,1475843505827752113
298,1475843505744359016,1475843505827822923
299,1475843505744833946,1475843505828299045
300,1475843505745265007,1475843505832324028
301,1475843505745636940,1475843505832408905
302,1475843505746108055,1475843505832477092
303,1475843505746531009,1475843505832660913
304,1475843505746949911,1475843505834698915
305,1475843505747354030,1475843505834779977
306,1475843505747786045,1475843505834849119
307,1475843505748239040,1475843505835022926
308,1475843505748660087,1475843505835092067
309,1475843505749077081,1475843505835164070
310,1475843505751327037,1475843505835232973
311,1475843505751744031,1475843505835300922
312,1475843505752099990,1475843505835371971
313,1475843505752501010,1475843505836865901
314,1475843505753015041,1475843505837685108
315,1475843505753427982,1475843505837760925
316,1475843505753906965,1475843505837830066
317,1475843505754412889,1475843505838861942
318,1475843505754772901,1475843505840142011
319,1475843505755124092,1475843505840217113
320,1475843505755471944,1475843505840286016
321,1475843505755820989,1475843505844487905
322,1475843505756325006,1475843505847804069
323,1475843505756726026,1475843505849148035
324,1475843505757076025,1475843505850229978
325,1475843505757422924,1475843505850308895
326,1475843505757805109,1475843505850378990
327,1475843505758156061,1475843505850553989
328,1475843505758502006,1475843505851399898
329,1475843505758848905,1475843505851476907
330,1475843505759196043,1475843505851974010
331,1475843505759541988,1475843505852466106
332,1475843505759888887,1475843505852540016
333,1475843505760237932,1475843505852610111
334,1475843505760584115,1475843505852678060
335,1475843505760931968,1475843505852746963
336,1475843505761280059,1475843505852818012
337,1475843505761626958,1475843505852917909
338,1475843505762478113,1475843505852991104
339,1475843505763025999,1475843505853164911
340,1475843505763377904,1475843505854495048
341,1475843505763724088,1475843505855073928
342,1475843505764202117,1475843505855151891
343,1475843505764592885,1475843505855223894
344,1475843505764942884,1475843505855613946
345,1475843505765288114,1475843505856522083
346,1475843505765669107,1475843505857326030
347,1475843505766021013,1475843505857414960
348,1475843505766367912,1475843505857491016
349,1475843505766716003,1475843505862020015
350,1475843505767064094,1475843505865382909
351,1475843505767410039,1475843505865928888
352,1475843505767858028,1475843505866002082
353,1475843505768208980,1475843505867707967
354,1475843505768558025,1475843505867783069
355,1475843505768906116,1475843505867855072
356,1475843505769381046,1475843505867923974
357,1475843505769737005,1475843505868096113
358,1475843505770087957,1475843505868166923
359,1475843505770435094,1475843505868237972
360,1475843505770781993,1475843505868309020
361,1475843505771193027,1475843505868376970
362,1475843505771608114,1475843505868448019
363,1475843505771956920,1475843505868946075
364,1475843505772459983,1475843505869024991
365,1475843505772977113,1475843505869096994
366,1475843505773423910,1475843505869168996
367,1475843505773772001,1475843505869239091
368,1475843505774120092,1475843505869309902
369,1475843505774533987,1475843505869378089
370,1475843505775089979,1475843505869450092
371,1475843505775600910,1475843505869959115
372,1475843505776019096,1475843505870034933
373,1475843505776369094,1475843505870105028
374,1475843505776715040,1475843505872081995
375,1475843505777128934,1475843505874814987
376,1475843505777615070,1475843505879873991
377,1475843505778037071,1475843505881232023
378,1475843505778393983,1475843505881313085
379,1475843505778744935,1475843505882143020
380,1475843505779093980,1475843505882664918
381,1475843505779439926,1475843505882790088
382,1475843505779788017,1475843505883305072
383,1475843505780133962,1475843505889345884
384,1475843505780482053,1475843505889441013
385,1475843505780831098,1475843505889514923
386,1475843505781179904,1475843505889584064
387,1475843505781527996,1475843505889652967
388,1475843505781874895,1475843505889722108
389,1475843505782221078,1475843505889790058
390,1475843505782567977,1475843505893459081
391,1475843505783008098,1475843505895092964
392,1475843505783418893,1475843505895268917
393,1475843505783767938,1475843505895348072
394,1475843505784112930,1475843505897313117
395,1475843505784532070,1475843505897393941
396,1475843505784950971,1475843505897461891
397,1475843505785471916,1475843505898402929
398,1475843505786835908,1475843505898473978
399,1475843505787373065,1475843505898545026
400,1475843505787781000,1475843505898613929
401,1475843505788357973,1475843505898682117
402,1475843505788763999,1475843505898753881
403,1475843505789633989,1475843505898822069
404,1475843505790163040,1475843505898890018
405,1475843505790771961,1475843505898960113
406,1475843505791239976,1475843505899028062
407,1475843505791593074,1475843505899198055
408,1475843505792110919,1475843505899269104
409,1475843505792622089,1475843505899776935
410,1475843505793018102,1475843505899847984
411,1475843505793370008,1475843505900703907
412,1475843505793715000,1475843505900779962
413,1475843505794060945,1475843505900846958
414,1475843505794409990,1475843505900918960
415,1475843505795006990,1475843505900986909
416,1475843505795361995,1475843505901055097
417,1475843505795707941,1475843505901125907
418,1475843505796056032,1475843505901637077
419,1475843505796591043,1475843505904953002
420,1475843505801019906,1475843505905033111
421,1475843505801383018,1475843505905105113
422,1475843505801733016,1475843505905174016
423,1475843505802079916,1475843505906765937
424,1475843505802426099,1475843505906840085
425,1475843505802838087,1475843505906909942
426,1475843505803222894,1475843505906980037
427,1475843505803570985,1475843505907051086
428,1475843505804102897,1475843505907118082
429,1475843505804734945,1475843505907188892
430,1475843505805167913,1475843505907258033
431,1475843505805785894,1475843505907835006
432,1475843505806247949,1475843505907912969
433,1475843505807841062,1475843505907982110
434,1475843505808250904,1475843505908050060
435,1475843505808640003,1475843505908123016
436,1475843505809164047,1475843505908190965
437,1475843505809562921,1475843505908257961
438,1475843505809977054,1475843505908328056
439,1475843505810612916,1475843505908396005
440,1475843505811022996,1475843505908464908
441,1475843505811784982,1475843505908535957
442,1475843505812195062,1475843505908601999
443,1475843505813086986,1475843505908672094
444,1475843505813451051,1475843505908740997
445,1475843505813904047,1475843505910002946
446,1475843505814687967,1475843505910082101
447,1475843505815099000,1475843505910152912
448,1475843505815615892,1475843505910221099
449,1475843505816000938,1475843505910293102
450,1475843505816350936,1475843505910361051
451,1475843505817014932,1475843505910429000
452,1475843505818000078,1475843505910501003
453,1475843505819036006,1475843505910569906
454,1475843505819756031,1475843505910639047
455,1475843505820164918,1475843505910711050
456,1475843505821553945,1475843505910778999
457,1475843505821918964,1475843505911299943
458,1475843505822288990,1475843505911792993
459,1475843505822732925,1475843505911866903
460,1475843505823169946,1475843505911938905
461,1475843505823865890,1475843505912005901
462,1475843505824461936,1475843505912076950
463,1475843505824949026,1475843505912147045
464,1475843505825356006,1475843505912216901
465,1475843505825907945,1475843505912288904
466,1475843505826313018,1475843505912355899
467,1475843505826862096,1475843505912424087
468,1475843505827266931,1475843505912954092
469,1475843505828124046,1475843505913037061
470,1475843505828655958,1475843505913105964
471,1475843505833003044,1475843505913173913
472,1475843505833384037,1475843505913244009
473,1475843505833734989,1475843505913311958
474,1475843505834083080,1475843505913383007
475,1475843505834547996,1475843505913453102
476,1475843505835653066,1475843505913520097
477,1475843505836015939,1475843505913590908
478,1475843505836364984,1475843505913660049
479,1475843505836709976,1475843505914552927
480,1475843505837121009,1475843505914628028
481,1475843505837507009,1475843505914696931
482,1475843505838093042,1475843505914768934
483,1475843505838541984,1475843505915247917
484,1475843505839134931,1475843505915735960
485,1475843505839489936,1475843505916223049
486,1475843505839839935,1475843505916708946
487,1475843505840533018,1475843505916781902
488,1475843505840940952,1475843505916851043
489,1475843505841360092,1475843505917329072
490,1475843505841747045,1475843505917407035
491,1475843505842097043,1475843505917474985
492,1475843505842443943,1475843505917546033
493,1475843505842900037,1475843505917614936
494,1475843505843288898,1475843505917682886
495,1475843505843638896,1475843505917752981
496,1475843505843986988,1475843505917821884
497,1475843505844335079,1475843505917889118
498,1475843505844788074,1475843505917959928
499,1475843505845144033,1475843505918445110
500,1475843505845491886,1475843505918521881
501,1475843505845839977,1475843505918591976
502,1475843505846189975,1475843505918665885
503,1475843505846575975,1475843505918734073
504,1475843505846925973,1475843505918802022
505,1475843505847274065,1475843505918872117
506,1475843505847652912,1475843505918940067
507,1475843505848092079,1475843505919461011
508,1475843505848511934,1475843505923217058
509,1475843505848992109,1475843505923302888
510,1475843505849529027,1475843505923376083
511,1475843505849960088,1475843505923446893
512,1475843505850821971,1475843505923515081
513,1475843505851231098,1475843505923587083
514,1475843505851821899,1475843505923655033
515,1475843505852283954,1475843505923722028
516,1475843505853456020,1475843505923793077
517,1475843505853873014,1475843505923860073
518,1475843505854341030,1475843505924422025
519,1475843505854840993,1475843505926634073
520,1475843505855530023,1475843505926712989
521,1475843505856384992,1475843505927567005
522,1475843505857815980,1475843505928456068
523,1475843505858716964,1475843505929609060
524,1475843505859088897,1475843505929819107
525,1475843505859440088,1475843505929892063
526,1475843505859788894,1475843505930800914
527,1475843505860137939,1475843505930881023
528,1475843505860486030,1475843505931788921
529,1475843505860836982,1475843505932274103
530,1475843505861186981,1475843505932769060
531,1475843505861538887,1475843505932846069
532,1475843505861886024,1475843505932961940
533,1475843505862468957,1475843505933036088
534,1475843505863034963,1475843505933104038
535,1475843505863390922,1475843505933171987
536,1475843505863739967,1475843505933240890
537,1475843505864088058,1475843505933309078
538,1475843505864438056,1475843505933475971
539,1475843505865149021,1475843505933548927
540,1475843505865729093,1475843505933618068
541,1475843505866339921,1475843505933690071
542,1475843505866691112,1475843505933757066
543,1475843505867039918,1475843505933825016
544,1475843505867532968,1475843505933896064
545,1475843505868729114,1475843505933963060
546,1475843505869719982,1475843505934031009
547,1475843505870362043,1475843505934099912
548,1475843505870721101,1475843505934166908
549,1475843505871103048,1475843505935843944
550,1475843505871452093,1475843505936717033
551,1475843505871912002,1475843505938029050
552,1475843505872400045,1475843505938106060
553,1475843505872766017,1475843505938174962
554,1475843505873164892,1475843505938247919
555,1475843505873558998,1475843505938319921
556,1475843505873908996,1475843505938388109
557,1475843505874259948,1475843505938457012
558,1475843505874648094,1475843505938527107
559,1475843505875133991,1475843505938595056
560,1475843505875526905,1475843505938667058
561,1475843505875876903,1475843505938734054
562,1475843505876386880,1475843505939698934
563,1475843505876777887,1475843505939774990
564,1475843505877166032,1475843505939846992
565,1475843505877515077,1475843505939917087
566,1475843505877863883,1475843505939985036
567,1475843505878284931,1475843505940057039
568,1475843505878669023,1475843505940124988
569,1475843505879020929,1475843505940193891
570,1475843505879369974,1475843505940264940
571,1475843505879718065,1475843505940332889
572,1475843505880172014,1475843505940402030
573,1475843505880522966,1475843505940470933
574,1475843505881081104,1475843505940538883
575,1475843505881643056,1475843505942498922
576,1475843505881992101,1475843505946362018
577,1475843505882436990,1475843505949450016
578,1475843505883101940,1475843505952922105
579,1475843505883663892,1475843505954447031
580,1475843505890136957,1475843505957385063
581,1475843505890517950,1475843505958395957
582,1475843505890944004,1475843505958578109
583,1475843505891290903,1475843505963905096
584,1475843505891686916,1475843505963989973
585,1475843505892035961,1475843505966675996
586,1475843505892385005,1475843505967113018
587,1475843505892904996,1475843505967456102
588,1475843505893305063,1475843505968341112
589,1475843505893769979,1475843505968417882
590,1475843505894119977,1475843505969304084
591,1475843505894468069,1475843505971671104
592,1475843505894927024,1475843505975186109
593,1475843505895618915,1475843505975440979
594,1475843505895977973,1475843505975512981
595,1475843505896357059,1475843505976406097
596,1475843505896703958,1475843505976484060
597,1475843505897164106,1475843505976556062
598,1475843505897811889,1475843505976624011
599,1475843505898220062,1475843505976696968
600,1475843505899519920,1475843505977626085
601,1475843505900100946,1475843505977705955
602,1475843505900515079,1475843505977776050
603,1475843505901477098,1475843505977848052
604,1475843505901932954,1475843505977916002
605,1475843505902286052,1475843505977982997
606,1475843505902632951,1475843505978461980
607,1475843505903053998,1475843505978543043
608,1475843505903405904,1475843505978611946
609,1475843505903753042,1475843505978679895
610,1475843505904196977,1475843505978749990
611,1475843505904678106,1475843505978817939
612,1475843505905425071,1475843505979731082
613,1475843505905782938,1475843505979805946
614,1475843505906131029,1475843505979876041
615,1475843505906568050,1475843505979943990
616,1475843505907588958,1475843505980014085
617,1475843505909004926,1475843505980083942
618,1475843505909436941,1475843505980154037
619,1475843505909823894,1475843505980226993
620,1475843505911058902,1475843505981054067
621,1475843505911581039,1475843505981606960
622,1475843505912729978,1475843505981684923
623,1475843505913950920,1475843505982158899
624,1475843505914361000,1475843505982234001
625,1475843505915072917,1475843505982301950
626,1475843505915548086,1475843505982372999
627,1475843505916034936,1475843505982443094
628,1475843505916520118,1475843505982965946
629,1475843505917160034,1475843505983465909
630,1475843505918262958,1475843505984364032
631,1475843505919222116,1475843505984847068
632,1475843505919826030,1475843505984925985
633,1475843505924160003,1475843505984994888
634,1475843505924777984,1475843505985068082
635,1475843505925148010,1475843505985136032
636,1475843505925575017,1475843505985203981
637,1475843505925930976,1475843505985275030
638,1475843505926312923,1475843505985342979
639,1475843505926985025,1475843505985409975
640,1475843505927351951,1475843505985480070
641,1475843505927814960,1475843505985548973
642,1475843505928167104,1475843505990575075
643,1475843505928731918,1475843505992702007
644,1475843505929095029,1475843505996164083
645,1475843505929519891,1475843505996700048
646,1475843505930159091,1475843506000296115
647,1475843505930619001,1475843506004100084
648,1475843505931164026,1475843506004184007
649,1475843505931612968,1475843506004677057
650,1475843505932101011,1475843506004750967
651,1475843505932589054,1475843506004822969
652,1475843505934426069,1475843506004889965
653,1475843505934799909,1475843506004961013
654,1475843505935230016,1475843506005031108
655,1475843505935661077,1475843506005522966
656,1475843505936151981,1475843506006416082
657,1475843505936572074,1475843506006912946
658,1475843505936988115,1475843506007414102
659,1475843505937371969,1475843506007915019
660,1475843505937832117,1475843506007991075
661,1475843505939006090,1475843506008059978
662,1475843505939441919,1475843506008132934
663,1475843505940826892,1475843506008202075
664,1475843505941184997,1475843506008269071
665,1475843505941579103,1475843506008338928
666,1475843505941976070,1475843506008407115
667,1475843505942351102,1475843506008893013
668,1475843505942799091,1475843506013936042
669,1475843505943193912,1475843506014025926
670,1475843505943547964,1475843506014098882
671,1475843505943896055,1475843506014169931
672,1475843505944284915,1475843506014240026
673,1475843505944636106,1475843506014309883
674,1475843505944988965,1475843506015322923
675,1475843505945337057,1475843506015407085
676,1475843505945686101,1475843506015475988
677,1475843505946116924,1475843506015549898
678,1475843505946758031,1475843506015618085
679,1475843505947189092,1475843506015686988
680,1475843505947546005,1475843506015757083
681,1475843505947896003,1475843506015825033
682,1475843505948246002,1475843506018899917
683,1475843505948662042,1475843506021209001
684,1475843505949012041,1475843506021291017
685,1475843505949357986,1475843506022552013
686,1475843505949835062,1475843506023444890
687,1475843505950185060,1475843506023519039
688,1475843505950531959,1475843506023587942
689,1475843505950942993,1475843506023658037
690,1475843505951401948,1475843506023727893
691,1475843505951914072,1475843506023797035
692,1475843505952270030,1475843506023868083
693,1475843505952727079,1475843506023936033
694,1475843505953249931,1475843506024003028
695,1475843505953600883,1475843506024173021
696,1475843505953948974,1475843506025769948
697,1475843505954298019,1475843506026808023
698,1475843505954710006,1475843506027271032
699,1475843505955060005,1475843506027347087
700,1475843505955493927,1475843506028234958
701,1475843505955919027,1475843506028317928
702,1475843505956270933,1475843506028388023
703,1475843505956803083,1475843506028456926
704,1475843505957210063,1475843506028527975
705,1475843505957789897,1475843506028595924
706,1475843505958241939,1475843506029115915
707,1475843505958869934,1475843506029191017
708,1475843505959233045,1475843506029262065
709,1475843505959660053,1475843506029330015
710,1475843505960107088,1475843506029402017
711,1475843505964260101,1475843506029470920
712,1475843505964634895,1475843506029539108
713,1475843505965023040,1475843506029609918
714,1475843505965446949,1475843506030100107
715,1475843505965797901,1475843506030178070
716,1475843505966145038,1475843506030247926
717,1475843505966526031,1475843506030323028
718,1475843505967030048,1475843506030391931
719,1475843505967700958,1475843506030461072
720,1475843505968174934,1475843506030530929
721,1475843505968755960,1475843506030599117
722,1475843505969116926,1475843506031094074
723,1475843505969563007,1475843506032018899
724,1475843505969986915,1475843506032092094
725,1475843505970406055,1475843506032164096
726,1475843505970755100,1475843506032232046
727,1475843505971102952,1475843506032303094
728,1475843505971509933,1475843506032373905
729,1475843505972034931,1475843506032442092
730,1475843505972465991,1475843506032510042
731,1475843505972817897,1475843506032581090
732,1475843505973206996,1475843506032649993
733,1475843505973555088,1475843506032721996
734,1475843505973951101,1475843506032789945
735,1475843505974299907,1475843506032888889
736,1475843505974647045,1475843506034151077
737,1475843505975092887,1475843506035394906
738,1475843505975783109,1475843506037652015
739,1475843505976223945,1475843506040268898
740,1475843505977001905,1475843506044437885
741,1475843505977453947,1475843506044513940
742,1475843505978293895,1475843506044588088
743,1475843505979089975,1475843506044658899
744,1475843505979538917,1475843506044832944
745,1475843505980544090,1475843506044912099
746,1475843505980901002,1475843506046200990
747,1475843505981350898,1475843506048571109
748,1475843505981969118,1475843506051074028
749,1475843505982731103,1475843506051151037
750,1475843505983259916,1475843506051654100
751,1475843505983760118,1475843506051729917
752,1475843505984174966,1475843506052228927
753,1475843505984674930,1475843506052306890
754,1475843505985826015,1475843506058547973
755,1475843505986324071,1475843506068361043
756,1475843505986680984,1475843506070473909
757,1475843505987029075,1475843506072309970
758,1475843505987376928,1475843506072978019
759,1475843505987725973,1475843506073052883
760,1475843505988234996,1475843506073122978
761,1475843505988590955,1475843506073194980
762,1475843505988940954,1475843506073262929
763,1475843505989289045,1475843506075335979
764,1475843505989711999,1475843506075881958
765,1475843505990061998,1475843506075958013
766,1475843505990431070,1475843506076030015
767,1475843505990876913,1475843506076102972
768,1475843505991228103,1475843506076174974
769,1475843505991580009,1475843506076241970
770,1475843505991961956,1475843506076313018
771,1475843505992543935,1475843506076381921
772,1475843505993041038,1475843506076456069
773,1475843505993400096,1475843506076527118
774,1475843505993746995,1475843506076595067
775,1475843505994095087,1475843506076663017
776,1475843505994515895,1475843506082364082
777,1475843505994937896,1475843506082453966
778,1475843505995323896,1475843506082523107
779,1475843505995676040,1475843506082592010
780,1475843505996023893,1475843506082664012
781,1475843505996462106,1475843506082731008
782,1475843505997247934,1475843506082798957
783,1475843505997644901,1475843506084065914
784,1475843505997996091,1475843506084213018
785,1475843505998342990,1475843506085916042
786,1475843505998691082,1475843506085994958
787,1475843505999075889,1475843506086065053
788,1475843505999423980,1475843506086235046
789,1475843505999771118,1475843506086306095
790,1475843506000159978,1475843506086376905
791,1475843506000802040,1475843506086447000
792,1475843506001180887,1475843506086513996
793,1475843506001565933,1475843506086584091
794,1475843506001914024,1475843506086652994
795,1475843506002263069,1475843506086720943
796,1475843506002614021,1475843506086792945
797,1475843506003004074,1475843506086860895
798,1475843506003359079,1475843506086929082
799,1475843506003762006,1475843506086998939
800,1475843506004463911,1475843506087066888
801,1475843506005320072,1475843506087132930
802,1475843506005815982,1475843506087203979
803,1475843506006225109,1475843506087270975
804,1475843506006726980,1475843506088489055
805,1475843506007229089,1475843506088658094
806,1475843506007734060,1475843506088831901
807,1475843506008683919,1475843506088901996
808,1475843506009249925,1475843506088973999
809,1475843506014620065,1475843506089044094
810,1475843506015120983,1475843506089111089
811,1475843506016180992,1475843506089183092
812,1475843506016580104,1475843506089678049
813,1475843506016930103,1475843506089755058
814,1475843506017277956,1475843506089827060
815,1475843506017673969,1475843506089895009
816,1475843506018023967,1475843506089965105
817,1475843506018373012,1475843506090034961
818,1475843506018754005,1475843506090102910
819,1475843506019171953,1475843506090174913
820,1475843506019522905,1475843506090970039
821,1475843506019872903,1475843506091044902
822,1475843506020538091,1475843506091115951
823,1475843506020950078,1475843506091185092
824,1475843506021563053,1475843506091411113
825,1475843506021922111,1475843506091481924
826,1475843506022304058,1475843506091552972
827,1475843506022804975,1475843506091622114
828,1475843506023255109,1475843506095487117
829,1475843506024430990,1475843506095596075
830,1475843506024835109,1475843506097865104
831,1475843506025232076,1475843506098970890
832,1475843506025615930,1475843506099819898
833,1475843506026072025,1475843506099894046
834,1475843506026587009,1475843506099963903
835,1475843506027064085,1475843506100034952
836,1475843506027652978,1475843506100105047
837,1475843506028062105,1475843506100272893
838,1475843506028878927,1475843506100344896
839,1475843506029917955,1475843506100413084
840,1475843506030879020,1475843506100486040
841,1475843506031373023,1475843506103228092
842,1475843506031830072,1475843506103738069
843,1475843506033212900,1475843506103811025
844,1475843506033571004,1475843506103882074
845,1475843506033920049,1475843506103950977
846,1475843506034383058,1475843506105289936
847,1475843506034778118,1475843506105365037
848,1475843506035188913,1475843506105433940
849,1475843506035649061,1475843506105505943
850,1475843506036003112,1475843506105987071
851,1475843506036353111,1475843506106476068
852,1475843506036700010,1475843506106549024
853,1475843506037113904,1475843506106617927
854,1475843506037504911,1475843506107098102
855,1475843506037921905,1475843506107582092
856,1475843506038310050,1475843506108066082
857,1475843506038656949,1475843506108143091
858,1475843506039004087,1475843506108212947
859,1475843506039393901,1475843506108611106
860,1475843506039741992,1475843506108673095
861,1475843506040127038,1475843506108732938
862,1475843506040539979,1475843506108791112
863,1475843506041130065,1475843506108849048
864,1475843506041490077,1475843506108906984
865,1475843506041836977,1475843506108964920
866,1475843506042182922,1475843506109023094
867,1475843506042558908,1475843506109082937
868,1475843506042948007,1475843506109143972
869,1475843506043294906,1475843506109203100
870,1475843506043642044,1475843506109260082
871,1475843506044254064,1475843506109318971
872,1475843506045182943,1475843506109376907
873,1475843506045595884,1475843506109435081
874,1475843506046037912,1475843506109493017
875,1475843506046502113,1475843506109550952
876,1475843506046858072,1475843506109607934
877,1475843506047207117,1475843506109666109
878,1475843506047553062,1475843506109724044
879,1475843506047980070,1475843506109781026
880,1475843506048413038,1475843506113085985
881,1475843506048912048,1475843506113151073
882,1475843506049304962,1475843506113210916
883,1475843506049654006,1475843506113269090
884,1475843506050043106,1475843506113327026
885,1475843506050393104,1475843506113384962
886,1475843506050741910,1475843506113442897
887,1475843506051414966,1475843506113500118
888,1475843506052011966,1475843506113559007
889,1475843506052603960,1475843506113615989
890,1475843506053047895,1475843506113673925
891,1475843506053433895,1475843506113730907
892,1475843506053785085,1475843506113789081
893,1475843506054135084,1475843506113847017
894,1475843506054485082,1475843506113903999
895,1475843506054869890,1475843506113961935
896,1475843506055258989,1475843506114018917
897,1475843506055607080,1475843506114077091
898,1475843506055953979,1475843506114135026
899,1475843506056303977,1475843506114192008
900,1475843506056652069,1475843506114248991
901,1475843506057002067,1475843506114308118
902,1475843506057349920,1475843506114365100
903,1475843506057698965,1475843506114423036
904,1475843506058048009,1475843506114480018
905,1475843506058396100,1475843506114537954
906,1475843506058808088,1475843506114594936
907,1475843506059159040,1475843506114653110
908,1475843506059551000,1475843506114711046
909,1475843506059901952,1475843506114768028
910,1475843506060324907,1475843506114825963
911,1475843506060677051,1475843506114882946
912,1475843506061023950,1475843506114940881
913,1475843506061407089,1475843506114998102
914,1475843506061757087,1475843506115055084
915,1475843506062107086,1475843506115112066
916,1475843506062454938,1475843506115170001
917,1475843506062834024,1475843506115226984
918,1475843506063222885,1475843506115284919
919,1475843506063574075,1475843506115341901
920,1475843506063921928,1475843506115398883
921,1475843506064302921,1475843506115458011
922,1475843506064654111,1475843506115514993
923,1475843506065033912,1475843506115572929
924,1475843506065417051,1475843506115628957
925,1475843506065768003,1475843506115688085
926,1475843506066117048,1475843506115746021
927,1475843506066466093,1475843506115803956
928,1475843506066843986,1475843506115860939
929,1475843506067193984,1475843506115919113
930,1475843506067539930,1475843506115976095
931,1475843506067887067,1475843506116034030
932,1475843506068269014,1475843506116091012
933,1475843506068730115,1475843506116148948
934,1475843506069077968,1475843506116288900
935,1475843506069459915,1475843506116348028
936,1475843506069816112,1475843506116405963
937,1475843506070236921,1475843506116463899
938,1475843506070935010,1475843506116520881
939,1475843506071471929,1475843506116579055
940,1475843506071962118,1475843506116636037
941,1475843506072643041,1475843506116693973
942,1475843506073529958,1475843506116751909
943,1475843506073987007,1475843506116810083
944,1475843506074338912,1475843506116867065
945,1475843506074810981,1475843506116925001
946,1475843506075197935,1475843506116981983
947,1475843506075642108,1475843506117039918
948,1475843506077033042,1475843506117098093
949,1475843506077397108,1475843506117155075
950,1475843506078068971,1475843506117213010
951,1475843506083164930,1475843506117269992
952,1475843506083528041,1475843506117327928
953,1475843506083925962,1475843506117384910
954,1475843506084475994,1475843506117444038
955,1475843506084949016,1475843506117501020
956,1475843506085297107,1475843506117558956
957,1475843506085766077,1475843506117615938
958,1475843506087521076,1475843506117674112
959,1475843506087992906,1475843506117731094
960,1475843506088407039,1475843506117789030
961,1475843506089461088,1475843506118678092
962,1475843506090442895,1475843506118740081
963,1475843506090801000,1475843506118799924
964,1475843506091886997,1475843506118859052
965,1475843506092318058,1475843506118916988
966,1475843506092705011,1475843506118974924
967,1475843506093135118,1475843506119031906
968,1475843506093483924,1475843506119090080
969,1475843506093828916,1475843506119147062
970,1475843506094176054,1475843506119204998
971,1475843506094563007,1475843506119261980
972,1475843506094913959,1475843506119319915
973,1475843506095340013,1475843506119376897
974,1475843506095890998,1475843506119435071
975,1475843506096318960,1475843506119492053
976,1475843506096668958,1475843506119549989
977,1475843506097018003,1475843506119606971
978,1475843506097366094,1475843506119664907
979,1475843506097714900,1475843506120575904
980,1475843506098279953,1475843506120636940
981,1475843506098690032,1475843506120697975
982,1475843506099226951,1475843506120755910
983,1475843506099634885,1475843506120814085
984,1475843506100754022,1475843506120872020
985,1475843506101114034,1475843506120929956
986,1475843506101468086,1475843506120986938
987,1475843506101816892,1475843506121045112
988,1475843506102164983,1475843506121102094
989,1475843506102514028,1475843506121160030
990,1475843506103070020,1475843506121217012
991,1475843506103526115,1475843506121274948
992,1475843506104223966,1475843506121332883
993,1475843506104630947,1475843506121390104
994,1475843506105098962,1475843506121447086
995,1475843506105809926,1475843506121505022
996,1475843506106287002,1475843506121562004
997,1475843506106926918,1475843506121618986
998,1475843506107413053,1475843506121676921
999,1475843506107896089,1475843506121735095
