313,1475843526630171060,1475843526633671045
314,1475843526631874084,1475843526638200044
315,1475843526632267951,1475843526641798973
316,1475843526632622003,1475843526649786949
317,1475843526633016109,1475843526657131910
318,1475843526633415937,1475843526657217025
319,1475843526634129047,1475843526658427953
320,1475843526634495973,1475843526658509016
321,1475843526634852886,1475843526658581018
322,1475843526635205984,1475843526658651113
323,1475843526635560035,1475843526658858060
324,1475843526635910987,1475843526669145107
325,1475843526636264085,1475843526670198917
326,1475843526636615037,1475843526670274972
327,1475843526636971950,1475843526682143926
328,1475843526637324094,1475843526686676025
329,1475843526637676000,1475843526691699981
330,1475843526638026952,1475843526692492008
331,1475843526638626098,1475843526692574024
332,1475843526638978004,1475843526692642927
333,1475843526639327049,1475843526693784952
334,1475843526639681100,1475843526693864107
335,1475843526640032052,1475843526694695949
336,1475843526640383005,1475843526695908069
337,1475843526640733003,1475843526703319072
338,1475843526641166925,1475843526704734086
339,1475843526641550064,1475843526704813003
340,1475843526642139911,1475843526704885005
341,1475843526642498970,1475843526704952001
342,1475843526642853021,1475843526706163883
343,1475843526643235921,1475843526706239938
344,1475843526643591880,1475843526707168102
345,1475843526643943071,1475843526708614110
346,1475843526644294977,1475843526709979057
347,1475843526644646883,1475843526710915088
348,1475843526644999027,1475843526712649106
349,1475843526645349025,1475843526716814041
350,1475843526645697116,1475843526719230890
351,1475843526646047115,1475843526720474958
352,1475843526646398067,1475843526722374916
353,1475843526646749973,1475843526722457885
354,1475843526647104024,1475843526722531080
355,1475843526647455930,1475843526722599983
356,1475843526647806882,1475843526722667932
357,1475843526648197889,1475843526722739934
358,1475843526648555994,1475843526723747014
359,1475843526648910999,1475843526728049039
360,1475843526649312973,1475843526733865022
361,1475843526649893999,1475843526735332965
362,1475843526650263071,1475843526736231088
363,1475843526650619029,1475843526736383914
364,1475843526651022911,1475843526739258050
365,1475843526651433944,1475843526741750001
366,1475843526651846885,1475843526743588924
367,1475843526652209997,1475843526745913982
368,1475843526652565956,1475843526746006965
369,1475843526652950048,1475843526749047994
370,1475843526653309106,1475843526749138116
371,1475843526653661966,1475843526749495983
372,1475843526654016971,1475843526749569892
373,1475843526654367923,1475843526751894950
374,1475843526654721021,1475843526751971006
375,1475843526655073881,1475843526752039909
376,1475843526655425071,1475843526752733945
377,1475843526655776977,1475843526754220008
378,1475843526656266927,1475843526754307031
379,1475843526656672954,1475843526754376888
380,1475843526657502889,1475843526754445075
381,1475843526657913923,1475843526754514932
382,1475843526658274888,1475843526754581928
383,1475843526659184932,1475843526755034923
384,1475843526659545898,1475843526755108118
385,1475843526659899950,1475843526755176067
386,1475843526660252094,1475843526755258083
387,1475843526660603046,1475843526755429983
388,1475843526660953044,1475843526756593942
389,1475843526661303997,1475843526756670951
390,1475843526661655902,1475843526757040977
391,1475843526662005901,1475843526757113933
392,1475843526662357091,1475843526757946968
393,1475843526662708044,1475843526759648084
394,1475843526663090944,1475843526760088920
395,1475843526663444995,1475843526761737108
396,1475843526663796901,1475843526763822078
397,1475843526664197921,1475843526764626026
398,1475843526664556026,1475843526765485048
399,1475843526664912939,1475843526767445087
400,1475843526665263891,1475843526769438028
401,1475843526665616035,1475843526769874095
402,1475843526665967941,1475843526771208047
403,1475843526666367053,1475843526773785114
404,1475843526666724920,1475843526773869991
405,1475843526667079925,1475843526776563882
406,1475843526667433977,1475843526778757095
407,1475843526667834043,1475843526782453060
408,1475843526668196916,1475843526784672021
409,1475843526668549060,1475843526787354946
410,1475843526668901920,1475843526787431001
411,1475843526669560909,1475843526787503004
412,1475843526669924020,1475843526787570953
413,1475843526670598030,1475843526787642955
414,1475843526670952081,1475843526787710905
415,1475843526671324968,1475843526787777900
416,1475843526671674013,1475843526788216114
417,1475843526672025918,1475843526789844036
418,1475843526672378063,1475843526793615102
419,1475843526672728061,1475843526795639038
420,1475843526673110961,1475843526799768924
421,1475843526673468112,1475843526801697015
422,1475843526673820972,1475843526802706003
423,1475843526674174070,1475843526802778959
424,1475843526674525976,1475843526802853107
425,1475843526674875974,1475843526802952051
426,1475843526675224065,1475843526803020954
427,1475843526675581932,1475843526803091049
428,1475843526675935029,1475843526803158998
429,1475843526676285982,1475843526803244113
430,1475843526676637887,1475843526809777021
431,1475843526676989078,1475843526809860944
432,1475843526677339076,1475843526810765981
433,1475843526677694082,1475843526812169075
434,1475843526678049087,1475843526815205097
435,1475843526678400993,1475843526815731048
436,1475843526678752899,1475843526818172931
437,1475843526679104089,1475843526819925069
438,1475843526679455995,1475843526820456027
439,1475843526679810047,1475843526820529937
440,1475843526680161952,1475843526821022987
441,1475843526680515050,1475843526821510076
442,1475843526680905103,1475843526821995019
443,1475843526681305885,1475843526822071075
444,1475843526681667089,1475843526822141885
445,1475843526682322025,1475843526822210073
446,1475843526682748079,1475843526822280883
447,1475843526683147907,1475843526822350025
448,1475843526683505058,1475843526822417020
449,1475843526683857917,1475843526822488069
450,1475843526684266090,1475843526823003053
451,1475843526684623956,1475843526823076963
452,1475843526684973001,1475843526823144912
453,1475843526685322999,1475843526823218107
454,1475843526685722112,1475843526823286056
455,1475843526686077117,1475843526823353052
456,1475843526686428070,1475843526823421955
457,1475843526687016963,1475843526823488950
458,1475843526687381029,1475843526823976993
459,1475843526687733888,1475843526824050903
460,1475843526688086032,1475843526824120998
461,1475843526688487052,1475843526824187994
462,1475843526688843965,1475843526824258089
463,1475843526689197063,1475843526824327945
464,1475843526689548015,1475843526824398040
465,1475843526689946889,1475843526824469089
466,1475843526690300941,1475843526824536085
467,1475843526690649986,1475843526824603080
468,1475843526691063880,1475843526824676036
469,1475843526691422939,1475843526824743032
470,1475843526692011117,1475843526824810028
471,1475843526693017959,1475843526824879884
472,1475843526693408966,1475843526824947118
473,1475843526694120883,1475843526825500011
474,1475843526694480895,1475843526825575113
475,1475843526694964885,1475843526825645923
476,1475843526695374965,1475843526825714111
477,1475843526695732116,1475843526825783967
478,1475843526696161985,1475843526825853109
479,1475843526696567058,1475843526826015949
480,1475843526696922063,1475843526826090097
481,1475843526697273015,1475843526826158046
482,1475843526697623968,1475843526826225996
483,1475843526698021888,1475843526826297998
484,1475843526698379039,1475843526826364994
485,1475843526698730945,1475843526826431989
486,1475843526699163913,1475843526826500892
487,1475843526699536085,1475843526826569080
488,1475843526699939966,1475843526827084064
489,1475843526700293064,1475843526827157974
490,1475843526700691938,1475843526827239036
491,1475843526701047897,1475843526834053039
492,1475843526701400995,1475843526834139108
493,1475843526701752901,1475843526834208965
494,1475843526702105998,1475843526834276914
495,1475843526702488899,1475843526834347009
496,1475843526702929973,1475843526834414005
497,1475843526703566074,1475843526836461067
498,1475843526703937053,1475843526836966991
499,1475843526704291105,1475843526837461948
500,1475843526705205917,1475843526838845014
501,1475843526705617904,1475843526839783906
502,1475843526705975055,1475843526842082977
503,1475843526706573963,1475843526842168092
504,1475843526706932067,1475843526842236042
505,1475843526707470893,1475843526842303991
506,1475843526707942008,1475843526842375993
507,1475843526708303928,1475843526842443943
508,1475843526708987951,1475843526842510938
509,1475843526709353923,1475843526842580080
510,1475843526709711074,1475843526842647075
511,1475843526710314989,1475843526845001935
512,1475843526710678100,1475843526846389055
513,1475843526711213111,1475843526846465110
514,1475843526711694002,1475843526846535921
515,1475843526712057113,1475843526846606016
516,1475843526712413072,1475843526846673965
517,1475843526713017940,1475843526846745014
518,1475843526713443994,1475843526846812009
519,1475843526713946104,1475843526846879959
520,1475843526714349985,1475843526847047090
521,1475843526714713096,1475843526847121000
522,1475843526715069055,1475843526847192049
523,1475843526715466976,1475843526847259998
524,1475843526715822935,1475843526849437952
525,1475843526716176986,1475843526849926948
526,1475843526716531038,1475843526850471973
527,1475843526717082977,1475843526852235078
528,1475843526717442989,1475843526853255033
529,1475843526717843055,1475843526853431940
530,1475843526718245029,1475843526854320049
531,1475843526718601942,1475843526856403112
532,1475843526719057083,1475843526856484889
533,1475843526719645023,1475843526856554031
534,1475843526720000028,1475843526856626033
535,1475843526720766067,1475843526856694936
536,1475843526721121072,1475843526856761932
537,1475843526721518993,1475843526856832027
538,1475843526721877098,1475843526856899023
539,1475843526722232103,1475843526858877897
540,1475843526723134994,1475843526859026908
541,1475843526723505020,1475843526860785007
542,1475843526724029064,1475843526861279010
543,1475843526724437952,1475843526861459016
544,1475843526724793910,1475843526861532926
545,1475843526725147962,1475843526861603021
546,1475843526725579023,1475843526861673116
547,1475843526725934982,1475843526861740112
548,1475843526726339101,1475843526861810922
549,1475843526726699113,1475843526863455057
550,1475843526727051973,1475843526863632917
551,1475843526727404117,1475843526863704919
552,1475843526727756977,1475843526863774061
553,1475843526728369951,1475843526863842964
554,1475843526728790044,1475843526863910913
555,1475843526729147911,1475843526864761114
556,1475843526729500055,1475843526869334936
557,1475843526729897975,1475843526869416952
558,1475843526730254888,1475843526869591951
559,1475843526730607032,1475843526869663000
560,1475843526730957984,1475843526869730949
561,1475843526731308937,1475843526869803905
562,1475843526731709957,1475843526869870901
563,1475843526732064008,1475843526869939088
564,1475843526732414960,1475843526870007991
565,1475843526732805967,1475843526870075941
566,1475843526733258962,1475843526870146989
567,1475843526733618974,1475843526870215892
568,1475843526734329938,1475843526870282888
569,1475843526734729051,1475843526870352029
570,1475843526736680030,1475843526870421886
571,1475843526737082004,1475843526872056961
572,1475843526737781047,1475843526872960090
573,1475843526738280057,1475843526873034000
574,1475843526738647937,1475843526873105049
575,1475843526739092111,1475843526873277902
576,1475843526739619016,1475843526874082088
577,1475843526739975929,1475843526874155044
578,1475843526740329980,1475843526874224901
579,1475843526740684032,1475843526874293088
580,1475843526741035938,1475843526874362945
581,1475843526741482973,1475843526874433040
582,1475843526742352008,1475843526874499082
583,1475843526743956089,1475843526874569892
584,1475843526744344949,1475843526874639034
585,1475843526744702100,1475843526875284910
586,1475843526745055913,1475843526875374078
587,1475843526745409965,1475843526875442028
588,1475843526745764017,1475843526875509977
589,1475843526746299028,1475843526875581979
590,1475843526746654987,1475843526875648975
591,1475843526747010946,1475843526878134965
592,1475843526747364997,1475843526878216028
593,1475843526747718095,1475843526880286931
594,1475843526748070955,1475843526881232976
595,1475843526748965024,1475843526881306886
596,1475843526749862909,1475843526881376981
597,1475843526750230073,1475843526882282972
598,1475843526750583887,1475843526882359027
599,1475843526750933885,1475843526883301019
600,1475843526751291036,1475843526883785009
601,1475843526751729011,1475843526883858919
602,1475843526752482891,1475843526883932113
603,1475843526753134965,1475843526884000062
604,1475843526754847049,1475843526884068012
605,1475843526755682945,1475843526884136915
606,1475843526756048917,1475843526884205102
607,1475843526756434917,1475843526886317968
608,1475843526756967067,1475843526886395931
609,1475843526757692098,1475843526886466026
610,1475843526758348941,1475843526889050960
611,1475843526758716106,1475843526889127016
612,1475843526759073019,1475843526889194965
613,1475843526759943008,1475843526891402959
614,1475843526760400056,1475843526891479015
615,1475843526760796070,1475843526891546964
616,1475843526761188983,1475843526892036914
617,1475843526761584043,1475843526892111063
618,1475843526762022972,1475843526892180919
619,1475843526762514114,1475843526892247915
620,1475843526763051986,1475843526892318010
621,1475843526763669013,1475843526892386913
622,1475843526764121055,1475843526892453908
623,1475843526764483928,1475843526892524957
624,1475843526764970064,1475843526895385980
625,1475843526765326976,1475843526895467996
626,1475843526765744924,1475843526895646095
627,1475843526766125917,1475843526895720005
628,1475843526766520977,1475843526895787954
629,1475843526766937017,1475843526896646022
630,1475843526767294883,1475843526896718978
631,1475843526767818927,1475843526896888971
632,1475843526768438100,1475843526896960973
633,1475843526768802881,1475843526898313999
634,1475843526769192934,1475843526898391962
635,1475843526769695997,1475843526898461103
636,1475843526770221948,1475843526898528099
637,1475843526770580053,1475843526898597955
638,1475843526771017074,1475843526898664951
639,1475843526771631956,1475843526900887012
640,1475843526772349119,1475843526900964975
641,1475843526774173974,1475843526901463985
642,1475843526774542093,1475843526901540994
643,1475843526774893045,1475843526901611089
644,1475843526775247097,1475843526902908086
645,1475843526775599956,1475843526902986049
646,1475843526776066064,1475843526903057098
647,1475843526776420116,1475843526903124094
648,1475843526777041912,1475843526903194904
649,1475843526777432918,1475843526903676986
650,1475843526777859926,1475843526903752088
651,1475843526778217077,1475843526903820037
652,1475843526778665065,1475843526903892993
653,1475843526779303073,1475843526903959989
654,1475843526779666900,1475843526904026985
655,1475843526780019998,1475843526904095888
656,1475843526780374050,1475843526904161930
657,1475843526780726909,1475843526904647111
658,1475843526781146049,1475843526904721021
659,1475843526781500101,1475843526904789924
660,1475843526781932115,1475843526904856920
661,1475843526782289981,1475843526904927968
662,1475843526782747030,1475843526904997110
663,1475843526783446073,1475843526905066967
664,1475843526783803939,1475843526905137062
665,1475843526784153938,1475843526905204057
666,1475843526784507989,1475843526905270099
667,1475843526785070896,1475843526907516956
668,1475843526785564899,1475843526907598972
669,1475843526786042928,1475843526907671928
670,1475843526786396980,1475843526907740116
671,1475843526786751031,1475843526907808065
672,1475843526787168025,1475843526907881021
673,1475843526788064956,1475843526907948970
674,1475843526788511037,1475843526908016920
675,1475843526788903951,1475843526908087015
676,1475843526789258956,1475843526908154010
677,1475843526789689064,1475843526908224105
678,1475843526790143013,1475843526908293962
679,1475843526790503978,1475843526908360004
680,1475843526790857076,1475843526908430099
681,1475843526791210889,1475843526908499002
682,1475843526791563034,1475843526914879083
683,1475843526792016983,1475843526918346881
684,1475843526792371988,1475843526919591903
685,1475843526792721986,1475843526921166896
686,1475843526793107986,1475843526921732902
687,1475843526793461084,1475843526921808958
688,1475843526793914079,1475843526921878099
689,1475843526794358968,1475843526922836065
690,1475843526794713973,1475843526922947883
691,1475843526795066118,1475843526923019886
692,1475843526795420885,1475843526923089981
693,1475843526795902013,1475843526923156976
694,1475843526796262025,1475843526930725097
695,1475843526796616077,1475843526930807113
696,1475843526796976089,1475843526930876016
697,1475843526797331094,1475843526930946111
698,1475843526797684907,1475843526931013107
699,1475843526798082113,1475843526932017087
700,1475843526798438072,1475843526932090044
701,1475843526798829078,1475843526932161092
702,1475843526799223899,1475843526932228088
703,1475843526799616098,1475843526932399034
704,1475843526800054073,1475843526932468891
705,1475843526800668954,1475843526932539939
706,1475843526801026105,1475843526932609081
707,1475843526801547050,1475843526932674884
708,1475843526802041053,1475843526932744979
709,1475843526802520990,1475843526932813882
710,1475843526803596019,1475843526932913064
711,1475843526804167985,1475843526932985067
712,1475843526804673910,1475843526933053016
713,1475843526805677890,1475843526933119058
714,1475843526806046962,1475843526935405015
715,1475843526806505918,1475843526935483932
716,1475843526807095050,1475843526935553073
717,1475843526807605028,1475843526935626029
718,1475843526810165882,1475843526935693979
719,1475843526810619115,1475843526935760974
720,1475843526811191082,1475843526935830116
721,1475843526812020063,1475843526935897111
722,1475843526812490940,1475843526937663078
723,1475843526812885999,1475843526942698001
724,1475843526813252925,1475843526946238040
725,1475843526813677072,1475843526946320056
726,1475843526814030885,1475843526946389913
727,1475843526814385890,1475843526946459054
728,1475843526814735889,1475843526946530103
729,1475843526815494060,1475843526946598052
730,1475843526816001892,1475843526946667909
731,1475843526816430091,1475843526946738004
732,1475843526816819906,1475843526946805000
733,1475843526817173957,1475843526946873903
734,1475843526817584991,1475843526946943044
735,1475843526818087100,1475843526947499990
736,1475843526818533897,1475843526947571992
737,1475843526819005012,1475843526947643041
738,1475843526819399118,1475843526949507951
739,1475843526819839000,1475843526950041055
740,1475843526820256948,1475843526950118064
741,1475843526820804119,1475843526950191020
742,1475843526821304082,1475843526950258016
743,1475843526821789979,1475843526950325012
744,1475843526822794914,1475843526950397968
745,1475843526823769092,1475843526950464963
746,1475843526825225114,1475843526950531959
747,1475843526826855897,1475843526950601100
748,1475843526827608108,1475843526950669050
749,1475843526828198909,1475843526950738906
750,1475843526828557014,1475843526950808048
751,1475843526829091072,1475843526950875997
752,1475843526829516887,1475843526950944900
753,1475843526829878091,1475843526951014041
754,1475843526830230951,1475843526951085090
755,1475843526830584049,1475843526951154947
756,1475843526830935955,1475843526952591896
757,1475843526831615924,1475843526952672004
758,1475843526831978082,1475843526952740907
759,1475843526832329988,1475843526952809095
760,1475843526832681894,1475843526953644037
761,1475843526833071947,1475843526955002069
762,1475843526833631992,1475843526957917928
763,1475843526834669113,1475843526958085060
764,1475843526835030078,1475843526958159923
765,1475843526835418939,1475843526958230972
766,1475843526835879087,1475843526958298921
767,1475843526836289882,1475843526958369970
768,1475843526836813926,1475843526958539009
769,1475843526837279081,1475843526959328889
770,1475843526837766885,1475843526959496021
771,1475843526838123083,1475843526959669113
772,1475843526838601112,1475843526959739923
773,1475843526839139938,1475843526959810018
774,1475843526839549064,1475843526959880113
775,1475843526840097904,1475843526959947109
776,1475843526840457916,1475843526960017919
777,1475843526842988967,1475843526961426973
778,1475843526843358993,1475843526963999986
779,1475843526843753099,1475843526964539051
780,1475843526844147920,1475843526965035915
781,1475843526844499111,1475843526965524911
782,1475843526844851016,1475843526965600967
783,1475843526845344066,1475843526965672016
784,1475843526845694065,1475843526966154098
785,1475843526846220016,1475843526966231107
786,1475843526847512006,1475843526966300010
787,1475843526847923040,1475843526966372013
788,1475843526848366975,1475843526966857910
789,1475843526848872900,1475843526966931104
790,1475843526849266052,1475843526966999053
791,1475843526849776983,1475843526967070102
792,1475843526850219964,1475843526967137098
793,1475843526850797891,1475843526967205047
794,1475843526851284027,1475843526967276096
795,1475843526851687908,1475843526967866897
796,1475843526852082014,1475843526968077898
797,1475843526852567911,1475843526971493959
798,1475843526853082895,1475843526972621917
799,1475843526853702068,1475843526973069906
800,1475843526854062080,1475843526978097915
801,1475843526854579925,1475843526978395938
802,1475843526855226993,1475843526978457927
803,1475843526857193946,1475843526978517055
804,1475843526857553005,1475843526983284950
805,1475843526857948064,1475843526985162973
806,1475843526858349084,1475843526993410110
807,1475843526858728885,1475843526993805885
808,1475843526859296083,1475843526998068094
809,1475843526859725952,1475843527000179052
810,1475843526860177993,1475843527000710964
811,1475843526860631942,1475843527000772953
812,1475843526861094951,1475843527000832080
813,1475843526862082004,1475843527000890016
814,1475843526862443923,1475843527000947952
815,1475843526862828016,1475843527001004934
816,1475843526863305091,1475843527001063108
817,1475843526864165067,1475843527001674890
818,1475843526864577054,1475843527001735925
819,1475843526865118026,1475843527001795053
820,1475843526865752935,1475843527001852035
821,1475843526866112947,1475843527001909017
822,1475843526866462945,1475843527001965999
823,1475843526866981029,1475843527002057075
824,1475843526867400884,1475843527002115964
825,1475843526867923021,1475843527002173900
826,1475843526870688915,1475843527002230882
827,1475843526871053934,1475843527002288103
828,1475843526871407032,1475843527002346038
829,1475843526871756076,1475843527002403020
830,1475843526872320890,1475843527002595901
831,1475843526872734069,1475843527004796028
832,1475843526873553991,1475843527007219076
833,1475843526873914957,1475843527011905908
834,1475843526875024080,1475843527014233112
835,1475843526875956058,1475843527016592979
836,1475843526876374959,1475843527017049074
837,1475843526878631114,1475843527017448902
838,1475843526879009008,1475843527017510890
839,1475843526879364013,1475843527017569065
840,1475843526879715919,1475843527017627000
841,1475843526880127906,1475843527017684936
842,1475843526880594015,1475843527017868041
843,1475843526881027936,1475843527018081903
844,1475843526881740093,1475843527018965959
845,1475843526882097959,1475843527023503065
846,1475843526882642984,1475843527024180889
847,1475843526883105993,1475843527024257898
848,1475843526883704900,1475843527024317026
849,1475843526884541034,1475843527024375915
850,1475843526884895086,1475843527024493932
851,1475843526885246992,1475843527024553060
852,1475843526885664939,1475843527024611949
853,1475843526886014938,1475843527024714946
854,1475843526886723041,1475843527024791002
855,1475843526887083053,1475843527024848937
856,1475843526887466907,1475843527027877092
857,1475843526887819051,1475843527027940034
858,1475843526888171911,1475843527027998924
859,1475843526888524055,1475843527028058052
860,1475843526888875007,1475843527028115987
861,1475843526889465093,1475843527028172969
862,1475843526889874935,1475843527028230905
863,1475843526890233993,1475843527028287887
864,1475843526890803098,1475843527028345108
865,1475843526891194105,1475843527028403043
866,1475843526891824007,1475843527028460025
867,1475843526892909049,1475843527028517007
868,1475843526893415927,1475843527028574943
869,1475843526896047115,1475843527028631925
870,1475843526896462917,1475843527028688907
871,1475843526897217988,1475843527028745889
872,1475843526897633075,1475843527028876066
873,1475843526898063898,1475843527028935909
874,1475843526898917913,1475843527028994083
875,1475843526899317026,1475843527029051065
876,1475843526899744033,1475843527029109001
877,1475843526900194883,1475843527029165983
878,1475843526900595903,1475843527029222965
879,1475843526901247978,1475843527029280900
880,1475843526901878118,1475843527029336929
881,1475843526902311086,1475843527029393911
882,1475843526902699947,1475843527029452085
883,1475843526903501033,1475843527029508113
884,1475843526904439926,1475843527029566049
885,1475843526905582904,1475843527029623031
886,1475843526906224966,1475843527029679059
887,1475843526908804893,1475843527029736042
888,1475843526909163951,1475843527029793024
889,1475843526909538030,1475843527029850006
890,1475843526909920930,1475843527029906988
891,1475843526910274028,1475843527029963016
892,1475843526910626888,1475843527030019998
893,1475843526910978078,1475843527030076980
894,1475843526911375045,1475843527030133962
895,1475843526911729097,1475843527030190944
896,1475843526912081003,1475843527030247926
897,1475843526912432909,1475843527030303955
898,1475843526912951946,1475843527030360937
899,1475843526913311958,1475843527030417919
900,1475843526913667917,1475843527030473947
901,1475843526914016962,1475843527030530929
902,1475843526914369106,1475843527030587911
903,1475843526914722919,1475843527030644893
904,1475843526915182113,1475843527030702114
905,1475843526915539979,1475843527030757904
906,1475843526915891885,1475843527030814886
907,1475843526916244029,1475843527030872106
908,1475843526916676044,1475843527030927896
909,1475843526917067050,1475843527030985116
910,1475843526917421102,1475843527031042098
911,1475843526917772054,1475843527031099081
912,1475843526918191909,1475843527031156063
913,1475843526918644905,1475843527031212091
914,1475843526919075965,1475843527031269073
915,1475843526919444084,1475843527031326055
916,1475843526919869899,1475843527031383037
917,1475843526920428037,1475843527031439065
918,1475843526921006917,1475843527031496047
919,1475843526921473026,1475843527031553030
920,1475843526922132015,1475843527031609058
921,1475843526922652959,1475843527031666994
922,1475843526923540115,1475843527031723976
923,1475843526923904895,1475843527031780004
924,1475843526924308061,1475843527031836986
925,1475843526924758911,1475843527031893968
926,1475843526925250053,1475843527031950950
927,1475843526925602912,1475843527034866094
928,1475843526925955057,1475843527034928083
929,1475843526926505088,1475843527034986019
930,1475843526927320003,1475843527035043954
931,1475843526927675962,1475843527035100936
932,1475843526928212881,1475843527035157918
933,1475843526928685903,1475843527035214900
934,1475843526929039001,1475843527035281896
935,1475843526929390907,1475843527035339117
936,1475843526929949045,1475843527035408020
937,1475843526930358886,1475843527035465002
938,1475843526931350946,1475843527035521984
939,1475843526931830883,1475843527035579919
940,1475843526933451890,1475843527035636901
941,1475843526933830022,1475843527035693883
942,1475843526934187889,1475843527035751104
943,1475843526936161994,1475843527035808086
944,1475843526936572074,1475843527035865068
945,1475843526936924934,1475843527035922050
946,1475843526937422037,1475843527035979032
947,1475843526937920093,1475843527036036014
948,1475843526938280105,1475843527036092996
949,1475843526938632965,1475843527036149978
950,1475843526938983917,1475843527036207914
951,1475843526939335107,1475843527036263942
952,1475843526939796924,1475843527036322116
953,1475843526940236091,1475843527036377906
954,1475843526940668106,1475843527036436080
955,1475843526941021919,1475843527036492109
956,1475843526941421031,1475843527036549091
957,1475843526941776037,1475843527036606073
958,1475843526942126989,1475843527036663055
959,1475843526942543983,1475843527036719083
960,1475843526943033933,1475843527036776065
961,1475843526943396091,1475843527036834001
962,1475843526943748950,1475843527036890983
963,1475843526944099903,1475843527036947965
964,1475843526944531917,1475843527037004947
965,1475843526944998979,1475843527037101030
966,1475843526945353031,1475843527037159919
967,1475843526945703983,1475843527037218093
968,1475843526946057081,1475843527037275075
969,1475843526947220087,1475843527037332057
970,1475843526948000907,1475843527037389039
971,1475843526948456048,1475843527037446022
972,1475843526949906110,1475843527037502050
973,1475843526951510906,1475843527037559032
974,1475843526953108072,1475843527037615060
975,1475843526953563928,1475843527037672042
976,1475843526954056024,1475843527037729024
977,1475843526954417943,1475843527037785053
978,1475843526954839944,1475843527037842988
979,1475843526955265045,1475843527037899017
980,1475843526955670118,1475843527037955999
981,1475843526956022024,1475843527038012981
982,1475843526956372022,1475843527038069963
983,1475843526956819057,1475843527038126945
984,1475843526957292079,1475843527038183927
985,1475843526957828998,1475843527038239955
986,1475843526958830118,1475843527038296937
987,1475843526959247112,1475843527038353919
988,1475843526960300922,1475843527038409948
989,1475843526960781097,1475843527038466930
990,1475843526961146116,1475843527038523912
991,1475843526961824893,1475843527038580894
992,1475843526962251901,1475843527038638114
993,1475843526962608098,1475843527038693904
994,1475843526963073015,1475843527038750886
995,1475843526964322090,1475843527038808107
996,1475843526964839935,1475843527038865089
997,1475843526965333938,1475843527038922071
998,1475843526965980052,1475843527038979053
999,1475843526966667890,1475843527039035081
